 2060 302401 610.490420537186
 2060 302402 610.489678074214
 2060 302403 610.473202403416
 2060 302404 610.432336054406
 2060 302405 610.331587109769
 2060 302406 610.119860101754
 2060 302407 609.80367194318
 2060 302408 609.381520539887
 2060 302409 608.810334518838
 2060 302410 608.014651198941
 2060 302411 606.906918771977
 2060 302412 605.510038787687
 2060 302413 603.75553019537
 2060 302414 601.535424964899
 2060 302415 598.7736354149
 2060 302416 595.395389720561
 2060 302417 591.375950911262
 2060 302418 586.792481160902
 2060 302419 581.73156772794
 2060 302420 576.265447537784
 2060 302421 570.462792735614
 2060 302422 564.27650490793
 2060 302423 557.736240070022
 2060 302424 550.874419759211
 2060 302425 543.720662376721
 2060 302426 536.297725545938
 2060 302427 528.628621092707
 2060 302428 520.733079851782
 2060 302429 512.632038141381
 2060 302430 504.346251329981
 2060 302431 495.895378186841
 2060 302432 487.300777469184
 2060 302433 478.58132899791
 2060 302434 469.756839580687
 2060 302435 460.847388302725
 2060 302436 451.871638249759
 2060 302437 442.851108086968
 2060 302438 433.804908524643
 2060 302439 424.75323878556
 2060 302440 415.718557993479
 2060 302441 406.721568715857
 2060 302442 397.786745135683
 2060 302443 388.938245223861
 2060 302444 380.200465560965
 2060 302445 371.60218850759
 2060 302446 363.170200872254
 2060 302447 354.936352527551
 2060 302448 346.932003754322
 2060 302449 339.191683072111
 2060 302450 331.751599347644
 2060 302451 324.648820369428
 2060 302452 317.922854269629
 2060 302453 311.61409227486
 2060 302454 305.762908354468
 2060 302455 300.409618725335
 2060 302456 295.594136082094
 2060 302457 291.350410654352
 2060 302458 287.712586793419
 2060 302459 284.707817058685
 2060 302460 282.359167519537
 2060 302461 280.686753217277
 2060 302462 279.703475465196
 2060 302463 279.416634941781
 2060 302464 279.827437841838
 2060 302465 280.932198896053
 2060 302466 282.718687464037
 2060 302467 285.171102044442
 2060 302468 288.265707882645
 2060 302469 291.977968550086
 2060 302470 296.275757270818
 2060 302471 301.125481517142
 2060 302472 306.492031189926
 2060 302473 312.338327235745
 2060 302474 318.627226664271
 2060 302475 325.320147603913
 2060 302476 332.381375055731
 2060 302477 339.775026486921
 2060 302478 347.467792360428
 2060 302479 355.425993267622
 2060 302480 363.618826521911
 2060 302481 372.018819149034
 2060 302482 380.597105234883
 2060 302483 389.329830260648
 2060 302484 398.192020738517
 2060 302485 407.16239770674
 2060 302486 416.217846338146
 2060 302487 425.339689824412
 2060 302488 434.505869922659
 2060 302489 443.701650875106
 2060 302490 452.905333361743
 2060 302491 462.100790810281
 2060 302492 471.271658888198
 2060 302493 480.402063242106
 2060 302494 489.475579742487
 2060 302495 498.477883320311
 2060 302496 507.393690947131
 2060 302497 516.207674579339
 2060 302498 524.904849211362
 2060 302499 533.470496824412
 2060 302500 541.890548434874
 2060 302501 550.149034820562
 2060 302502 558.23109659616
 2060 302503 566.124030712899
 2060 302504 573.810994876371
 2060 302505 581.2768357986
 2060 302506 588.506794972264
 2060 302507 595.484221827755
 2060 302508 602.19183658592
 2060 302509 608.611568173364
 2060 302510 614.727150382747
 2060 302511 620.515941160499
 2060 302512 625.957133843883
 2060 302513 631.025225683243
 2060 302514 635.684373689924
 2060 302515 639.889978929714
 2060 302516 643.586403681823
 2060 302517 646.698796853065
 2060 302518 649.139731169695
 2060 302519 650.81166543358
 2060 302520 651.607897866795
 2060 302521 651.426991856333
 2060 302522 650.196225431443
 2060 302523 647.897003386147
 2060 302524 644.568291309861
 2060 302525 640.291359899914
 2060 302526 635.168339656002
 2060 302527 629.302427924021
 2060 302528 622.785216256371
 2060 302529 615.70208451323
 2060 302530 608.128370545225
 2060 302531 600.136490791196
 2060 302532 591.793549788057
 2060 302533 583.157856288214
 2060 302534 574.286445060658
 2060 302535 565.226716571256
 2060 302536 556.018938339014
 2060 302537 546.695652461428
 2060 302538 537.283005655062
 2060 302539 527.804485556011
 2060 302540 518.277837962614
 2060 302541 508.723876182676
 2060 302542 499.16271450674
 2060 302543 489.612260467258
 2060 302544 480.090584832623
 2060 302545 470.611666286957
 2060 302546 461.191793081604
 2060 302547 451.842872145735
 2060 302548 442.578182393425
 2060 302549 433.411021668252
 2060 302550 424.35701972666
 2060 302551 415.430099559041
 2060 302552 406.64513667041
 2060 302553 398.018618663322
 2060 302554 389.565338658032
 2060 302555 381.305114868689
 2060 302556 373.252651221944
 2060 302557 365.428895655199
 2060 302558 357.852208573518
 2060 302559 350.542418869316
 2060 302560 343.518800515393
 2060 302561 336.804330931625
 2060 302562 330.420308692957
 2060 302563 324.386820857001
 2060 302564 318.727409130979
 2060 302565 313.462888278211
 2060 302566 308.615892960408
 2060 302567 304.207411475274
 2060 302568 300.258440801333
 2060 302569 296.787132721325
 2060 302570 293.811777464269
 2060 302571 291.349642507841
 2060 302572 289.4124732757
 2060 302573 288.010967001634
 2060 302574 287.154400861977
 2060 302575 286.846418972707
 2060 302576 287.089009292781
 2060 302577 287.879461046662
 2060 302578 289.212477687635
 2060 302579 291.081349518516
 2060 302580 293.472170018892
 2060 302581 296.373062517846
 2060 302582 299.76606201354
 2060 302583 303.633816476137
 2060 302584 307.956849808706
 2060 302585 312.714552954104
 2060 302586 317.884289677736
 2060 302587 323.444192139132
 2060 302588 329.371260664417
 2060 302589 335.642189113764
 2060 302590 342.233864233364
 2060 302591 349.124754822918
 2060 302592 356.293076340169
 2060 302593 363.716043743075
 2060 302594 371.373351580139
 2060 302595 379.24551968142
 2060 302596 387.311838907948
 2060 302597 395.554714280773
 2060 302598 403.955120105949
 2060 302599 412.494911606725
 2060 302600 421.156169709566
 2060 302601 429.922896506718
 2060 302602 438.777336873254
 2060 302603 447.702460173477
 2060 302604 456.682345005654
 2060 302605 465.696571143942
 2060 302606 474.726073088185
 2060 302607 483.750983807683
 2060 302608 492.749618928588
 2060 302609 501.703510843221
 2060 302610 510.587333715276
 2060 302611 519.374859947104
 2060 302612 528.034412251969
 2060 302613 536.528380666811
 2060 302614 544.817418474288
 2060 302615 552.854203180167
 2060 302616 560.593287986503
 2060 302617 567.981265419302
 2060 302618 574.96420932206
 2060 302619 581.481582913814
 2060 302620 587.475862423113
 2060 302621 592.885396673318
 2060 302622 597.653028069866
 2060 302623 601.716410288607
 2060 302624 605.019391402503
 2060 302625 607.52088204383
 2060 302626 609.214423866136
 2060 302627 610.127225374338
 2060 302628 610.30611188813
 2060 302629 609.795463034724
 2060 302630 608.638207316519
 2060 302631 606.867020869452
 2060 302632 604.516310499492
 2060 302633 601.615661145943
 2060 302634 598.194536743313
 2060 302635 594.279461467466
 2060 302636 589.896234177832
 2060 302637 585.070660660098
 2060 302638 579.825536213402
 2060 302639 574.185750961837
 2060 302640 568.175553045921
 2060 302641 561.818502151058
 2060 302642 555.137795056158
 2060 302643 548.157407496608
 2060 302644 540.89853778899
 2060 302645 533.384533297803
 2060 302646 525.634007919412
 2060 302647 517.668750476778
 2060 302648 509.508371066377
 2060 302649 501.171690887789
 2060 302650 492.678566197503
 2060 302651 484.048209662429
 2060 302652 475.299888850033
 2060 302653 466.453690146115
 2060 302654 457.528480120259
 2060 302655 448.543376941112
 2060 302656 439.51894357819
 2060 302657 430.475074226724
 2060 302658 421.431626425359
 2060 302659 412.411825946556
 2060 302660 403.437788412
 2060 302661 394.533262870121
 2060 302662 385.721502728264
 2060 302663 377.031578083577
 2060 302664 368.4884068018
 2060 302665 360.122462158451
 2060 302666 351.96523849737
 2060 302667 344.048695912094
 2060 302668 336.409243987787
 2060 302669 329.082807446954
 2060 302670 322.108426065832
 2060 302671 315.525340610244
 2060 302672 309.374693385851
 2060 302673 303.697902584648
 2060 302674 298.536112139673
 2060 302675 293.926255104892
 2060 302676 289.903891628222
 2060 302677 286.498340683387
 2060 302678 283.736902795882
 2060 302679 281.639542751045
 2060 302680 280.224217856424
 2060 302681 279.500610817782
 2060 302682 279.475483489371
 2060 302683 280.146828655403
 2060 302684 281.507696025843
 2060 302685 283.545175296458
 2060 302686 286.240178170121
 2060 302687 289.567899486604
 2060 302688 293.500969603339
 2060 302689 298.008513432288
 2060 302690 303.053860871695
 2060 302691 308.603287224852
 2060 302692 314.61767375161
 2060 302693 321.060331779507
 2060 302694 327.893724789502
 2060 302695 335.082542894988
 2060 302696 342.590846483364
 2060 302697 350.384910103711
 2060 302698 358.433609279649
 2060 302699 366.706363057403
 2060 302700 375.175388994422
 2060 302701 383.813628834698
 2060 302702 392.596907208405
 2060 302703 401.501551945605
 2060 302704 410.505669282863
 2060 302705 419.587893225371
 2060 302706 428.728921778761
 2060 302707 437.90830820081
 2060 302708 447.108478368073
 2060 302709 456.311059050815
 2060 302710 465.499161206975
 2060 302711 474.657256959313
 2060 302712 483.767689090775
 2060 302713 492.816601075788
 2060 302714 501.788863117803
 2060 302715 510.668416326634
 2060 302716 519.440860903241
 2060 302717 528.09191895827
 2060 302718 536.604826300839
 2060 302719 544.966871786326
 2060 302720 553.162095678301
 2060 302721 561.175672359143
 2060 302722 568.993372381857
 2060 302723 576.600662518661
 2060 302724 583.980939517879
 2060 302725 591.11927271835
 2060 302726 597.998275837582
 2060 302727 604.602482911538
 2060 302728 610.912071509019
 2060 302729 616.908815589413
 2060 302730 622.571682185687
 2060 302731 627.878785701623
 2060 302732 632.798772166333
 2060 302733 637.296206205064
 2060 302734 641.321367052729
 2060 302735 644.810879479831
 2060 302736 647.685300527454
 2060 302737 649.853854069009
 2060 302738 651.214246839506
 2060 302739 651.659666841153
 2060 302740 651.09625693983
 2060 302741 649.468963694112
 2060 302742 646.781493253911
 2060 302743 643.09011648283
 2060 302744 638.48836210035
 2060 302745 633.079242999176
 2060 302746 626.961595276087
 2060 302747 620.225411154405
 2060 302748 612.951478430557
 2060 302749 605.215806846533
 2060 302750 597.085965138227
 2060 302751 588.628020875798
 2060 302752 579.899448063564
 2060 302753 570.953150934776
 2060 302754 561.834511518033
 2060 302755 552.580081661083
 2060 302756 543.22077655183
 2060 302757 533.781822379344
 2060 302758 524.282257391168
 2060 302759 514.743888410905
 2060 302760 505.18483825683
 2060 302761 495.625551986876
 2060 302762 486.08328248894
 2060 302763 476.575749899385
 2060 302764 467.118235181686
 2060 302765 457.722283670247
 2060 302766 448.403162440694
 2060 302767 439.172691669134
 2060 302768 430.046156930463
 2060 302769 421.037824486652
 2060 302770 412.160748650833
 2060 302771 403.432771029321
 2060 302772 394.869036494175
 2060 302773 386.485599225144
 2060 302774 378.299107863424
 2060 302775 370.32951962461
 2060 302776 362.59447341669
 2060 302777 355.114591059651
 2060 302778 347.908043117934
 2060 302779 340.996949992311
 2060 302780 334.401948805458
 2060 302781 328.14454466104
 2060 302782 322.246840918763
 2060 302783 316.731818175394
 2060 302784 311.619256687899
 2060 302785 306.93204676614
 2060 302786 302.691345924797
 2060 302787 298.916909871825
 2060 302788 295.62718920323
 2060 302789 292.840332850237
 2060 302790 290.570864071927
 2060 302791 288.830452710503
 2060 302792 287.631004518861
 2060 302793 286.976560031307
 2060 302794 286.871839241759
 2060 302795 287.318265950725
 2060 302796 288.30977008476
 2060 302797 289.842148890498
 2060 302798 291.906155493004
 2060 302799 294.487080599019
 2060 302800 297.572516704319
 2060 302801 301.143544865555
 2060 302802 305.182001274119
 2060 302803 309.668121016977
 2060 302804 314.581794559673
 2060 302805 319.897845164974
 2060 302806 325.595810859181
 2060 302807 331.653181050231
 2060 302808 338.045506894275
 2060 302809 344.750573486954
 2060 302810 351.746701173697
 2060 302811 359.011741116386
 2060 302812 366.523961991943
 2060 302813 374.263617140159
 2060 302814 382.20942353824
 2060 302815 390.343019879463
 2060 302816 398.646366784132
 2060 302817 407.100215485198
 2060 302818 415.686755269874
 2060 302819 424.389559220123
 2060 302820 433.190870801795
 2060 302821 442.07376486399
 2060 302822 451.021511722883
 2060 302823 460.015573404443
 2060 302824 469.038268600603
 2060 302825 478.068269265029
 2060 302826 487.085456317577
 2060 302827 496.07095501015
 2060 302828 505.001467380218
 2060 302829 513.853300641136
 2060 302830 522.597045066977
 2060 302831 531.199996190608
 2060 302832 539.622773302982
 2060 302833 547.823416750799
 2060 302834 555.756184159183
 2060 302835 563.371897948462
 2060 302836 570.61672042381
 2060 302837 577.433468910359
 2060 302838 583.764526777058
 2060 302839 589.549330681632
 2060 302840 594.728429502496
 2060 302841 599.242820254896
 2060 302842 603.031021480946
 2060 302843 606.039633896547
 2060 302844 608.241405660716
 2060 302845 609.64095578297
 2060 302846 610.276212209727
 2060 302847 610.194692363987
 2060 302848 609.440954263703
 2060 302849 608.052301709944
 2060 302850 606.063148755147
 2060 302851 603.504681498773
 2060 302852 600.408778196782
 2060 302853 596.801195608696
 2060 302854 592.710494341249
 2060 302855 588.160374184658
 2060 302856 583.177015818817
 2060 302857 577.783077342001
 2060 302858 572.00343733065
 2060 302859 565.861793180798
 2060 302860 559.382169894132
 2060 302861 552.587884848526
 2060 302862 545.502189893261
 2060 302863 538.146984557657
 2060 302864 530.542396392233
 2060 302865 522.709811922726
 2060 302866 514.67025782175
 2060 302867 506.441777551695
 2060 302868 498.045437205218
 2060 302869 489.499185306812
 2060 302870 480.822912108259
 2060 302871 472.036310877891
 2060 302872 463.158078265024
 2060 302873 454.208898333278
 2060 302874 445.206475867184
 2060 302875 436.172416964215
 2060 302876 427.127058499125
 2060 302877 418.09021425263
 2060 302878 409.084534700418
 2060 302879 400.132741130639
 2060 302880 391.259266900253
 2060 302881 382.490195409709
 2060 302882 373.850573142435
 2060 302883 365.369941639285
 2060 302884 357.077676387838
 2060 302885 349.004780944202
 2060 302886 341.187065987775
 2060 302887 333.65841994345
 2060 302888 326.457814399049
 2060 302889 319.623577761068
 2060 302890 313.195636972357
 2060 302891 307.216308797463
 2060 302892 301.725746920992
 2060 302893 296.764270691307
 2060 302894 292.367957374936
 2060 302895 288.570307555576
 2060 302896 285.400114004787
 2060 302897 282.881507732482
 2060 302898 281.035577437053
 2060 302899 279.874526663324
 2060 302900 279.409863270598
 2060 302901 279.642995670469
 2060 302902 280.570757700968
 2060 302903 282.184093921368
 2060 302904 284.46719746459
 2060 302905 287.399173180181
 2060 302906 290.954476464081
 2060 302907 295.104097249939
 2060 302908 299.814598347075
 2060 302909 305.051658589328
 2060 302910 310.776577577746
 2060 302911 316.954021162531
 2060 302912 323.545678716304
 2060 302913 330.515046911646
 2060 302914 337.825366235825
 2060 302915 345.443779581876
 2060 302916 353.335268557106
 2060 302917 361.471028693055
 2060 302918 369.818823283909
 2060 302919 378.354076203666
 2060 302920 387.048656261831
 2060 302921 395.880177996009
 2060 302922 404.8239433624
 2060 302923 413.859370053445
 2060 302924 422.964959553969
 2060 302925 432.122460986852
 2060 302926 441.311587349243
 2060 302927 450.515139996756
 2060 302928 459.71480837946
 2060 302929 468.893019421715
 2060 302930 478.035901937747
 2060 302931 487.124991866762
 2060 302932 496.147721871925
 2060 302933 505.086488912675
 2060 302934 513.928607329225
 2060 302935 522.657894355772
 2060 302936 531.259230295136
 2060 302937 539.71836125215
 2060 302938 548.019945963256
 2060 302939 556.149838609589
 2060 302940 564.092734599025
 2060 302941 571.834372494637
 2060 302942 579.359350100583
 2060 302943 586.652537566001
 2060 302944 593.696808336321
 2060 302945 600.476329006719
 2060 302946 606.972762647595
 2060 302947 613.168362941803
 2060 302948 619.044964693407
 2060 302949 624.57850558871
 2060 302950 629.746246538805
 2060 302951 634.515700153248
 2060 302952 638.844694866424
 2060 302953 642.678817817016
 2060 302954 645.950309360664
 2060 302955 648.574927310905
 2060 302956 650.457688849446
 2060 302957 651.49144851023
 2060 302958 651.572514335096
 2060 302959 650.619280410777
 2060 302960 648.596173743563
 2060 302961 645.52813669034
 2060 302962 641.487969684279
 2060 302963 636.574730536659
 2060 302964 630.89266047657
 2060 302965 624.535689685035
 2060 302966 617.591733478183
 2060 302967 610.138589207184
 2060 302968 602.249075419487
 2060 302969 593.990513004741
 2060 302970 585.426510977335
 2060 302971 576.611250552755
 2060 302972 567.595639886682
 2060 302973 558.422734031979
 2060 302974 549.126574943373
 2060 302975 539.735186752228
 2060 302976 530.271718868852
 2060 302977 520.756017713213
 2060 302978 511.207663547923
 2060 302979 501.64560156442
 2060 302980 492.091276607069
 2060 302981 482.560079971914
 2060 302982 473.069309005486
 2060 302983 463.632169221854
 2060 302984 454.263685962966
 2060 302985 444.975673725999
 2060 302986 435.782379649533
 2060 302987 426.697326489254
 2060 302988 417.736191940265
 2060 302989 408.912607131915
 2060 302990 400.242855727303
 2060 302991 391.743041963643
 2060 302992 383.431557678645
 2060 302993 375.323471486599
 2060 302994 367.438678023224
 2060 302995 359.795735830055
 2060 302996 352.414399447208
 2060 302997 345.31500013393
 2060 302998 338.51844901347
 2060 302999 332.045505641767
 2060 303000 325.91866360061
 2060 303001 320.159434229471
 2060 303002 314.790986189997
 2060 303003 309.833639900013
 2060 303004 305.309196655497
 2060 303005 301.238706816421
 2060 303006 297.641892530415
 2060 303007 294.536074769974
 2060 303008 291.939380107542
 2060 303009 289.864470878382
 2060 303010 288.322579692092
 2060 303011 287.324005671668
 2060 303012 286.873602919391
 2060 303013 286.972977062363
 2060 303014 287.621413473694
 2060 303015 288.814721067904
 2060 303016 290.545279033849
 2060 303017 292.801493082428
 2060 303018 295.571287788452
 2060 303019 298.837793166414
 2060 303020 302.584682766919
 2060 303021 306.791966801245
 2060 303022 311.438587075081
 2060 303023 316.503525063147
 2060 303024 321.964301030974
 2060 303025 327.796938512213
 2060 303026 333.981353727232
 2060 303027 340.491818714147
 2060 303028 347.308003507965
 2060 303029 354.405309865721
 2060 303030 361.764227914883
 2060 303031 369.363192456878
 2060 303032 377.181443209833
 2060 303033 385.199615101456
 2060 303034 393.397630606907
 2060 303035 401.758195467252
 2060 303036 410.263714844804
 2060 303037 418.895523733317
 2060 303038 427.636761126725
 2060 303039 436.469894103595
 2060 303040 445.378492316463
 2060 303041 454.345678387052
 2060 303042 463.353115804168
 2060 303043 472.380107719706
 2060 303044 481.408284814493
 2060 303045 490.4166296194
 2060 303046 499.384026819636
 2060 303047 508.28878794951
 2060 303048 517.104062350842
 2060 303049 525.799906870504
 2060 303050 534.340875980832
 2060 303051 542.686224997626
 2060 303052 550.793962824676
 2060 303053 558.61482659869
 2060 303054 566.098982446595
 2060 303055 573.192253587457
 2060 303056 579.836618139944
 2060 303057 585.972415533951
 2060 303058 591.539881760542
 2060 303059 596.479817202253
 2060 303060 600.732875079881
 2060 303061 604.237176860824
 2060 303062 606.949273799051
 2060 303063 608.850854014079
 2060 303064 609.962987555062
 2060 303065 610.327452573622
 2060 303066 609.991654912144
 2060 303067 608.999265697746
 2060 303068 607.384169560633
 2060 303069 605.180393218214
 2060 303070 602.420420617788
 2060 303071 599.13111608649
 2060 303072 595.342468188594
 2060 303073 591.078779599309
 2060 303074 586.365963495681
 2060 303075 581.226982916037
 2060 303076 575.688231923289
 2060 303077 569.771672361789
 2060 303078 563.501869080233
 2060 303079 556.902877440074
 2060 303080 549.99806183895
 2060 303081 542.80996024773
 2060 303082 535.359981841579
 2060 303083 527.669133812415
 2060 303084 519.757546490937
 2060 303085 511.645871738417
 2060 303086 503.352327947109
 2060 303087 494.89854866294
 2060 303088 486.302277602013
 2060 303089 477.582409963008
 2060 303090 468.760146518715
 2060 303091 459.853088409444
 2060 303092 450.882161539539
 2060 303093 441.865852070866
 2060 303094 432.824867079879
 2060 303095 423.779470333288
 2060 303096 414.751429524006
 2060 303097 405.763494843284
 2060 303098 396.837781410155
 2060 303099 388.000723402055
 2060 303100 379.275598186121
 2060 303101 370.691675313002
 2060 303102 362.276823461269
 2060 303103 354.062872659189
 2060 303104 346.080487734723
 2060 303105 338.365694032474
 2060 303106 330.954009328665
 2060 303107 323.884062839331
 2060 303108 317.195006894236
 2060 303109 310.92868318304
 2060 303110 305.125058276603
 2060 303111 299.82574671755
 2060 303112 295.069229685745
 2060 303113 290.891088974519
 2060 303114 287.322215052986
 2060 303115 284.390911567727
 2060 303116 282.119485672518
 2060 303117 280.525046001123
 2060 303118 279.621711429951
 2060 303119 279.415196830529
 2060 303120 279.905660223925
 2060 303121 281.088730121723
 2060 303122 282.952298924172
 2060 303123 285.478068759356
 2060 303124 288.643814101761
 2060 303125 292.42272868183
 2060 303126 296.784464853018
 2060 303127 301.693411678451
 2060 303128 307.114795637474
 2060 303129 313.012231182684
 2060 303130 319.347706509784
 2060 303131 326.083191668236
 2060 303132 333.182443128003
 2060 303133 340.611184694243
 2060 303134 348.334405584673
 2060 303135 356.319902911583
 2060 303136 364.537602101267
 2060 303137 372.958016257681
 2060 303138 381.554839064135
 2060 303139 390.30261249658
 2060 303140 399.178431991135
 2060 303141 408.158878056059
 2060 303142 417.222577256388
 2060 303143 426.349393758524
 2060 303144 435.520910500898
 2060 303145 444.717346460792
 2060 303146 453.921272386766
 2060 303147 463.114617317954
 2060 303148 472.281696170164
 2060 303149 481.40710427551
 2060 303150 490.472867941367
 2060 303151 499.466431831568
 2060 303152 508.371723518359
 2060 303153 517.173529316026
 2060 303154 525.856766503289
 2060 303155 534.407301060687
 2060 303156 542.809714684498
 2060 303157 551.049863940838
 2060 303158 559.112254300194
 2060 303159 566.982702650179
 2060 303160 574.645822971718
 2060 303161 582.087126056342
 2060 303162 589.289318287914
 2060 303163 596.237220928151
 2060 303164 602.914014211156
 2060 303165 609.302088457736
 2060 303166 615.381627472455
 2060 303167 621.133889259326
 2060 303168 626.536022768692
 2060 303169 631.559507941553
 2060 303170 636.171118929128
 2060 303171 640.324083243515
 2060 303172 643.960152395726
 2060 303173 647.002544711949
 2060 303174 649.364168092926
 2060 303175 650.944252154896
 2060 303176 651.637080296417
 2060 303177 651.343879890877
 2060 303178 649.995108182781
 2060 303179 647.57958907546
 2060 303180 644.14125866364
 2060 303181 639.764960372585
 2060 303182 634.555501599237
 2060 303183 628.61376969659
 2060 303184 622.029588094323
 2060 303185 614.888504051421
 2060 303186 607.265952846323
 2060 303187 599.231512176577
 2060 303188 590.853113856076
 2060 303189 582.189665464655
 2060 303190 573.294992689448
 2060 303191 564.216909873983
 2060 303192 554.995383025324
 2060 303193 545.660449464488
 2060 303194 536.240462083139
 2060 303195 526.755118874184
 2060 303196 517.224777496358
 2060 303197 507.669289715551
 2060 303198 498.107952104225
 2060 303199 488.559323066298
 2060 303200 479.041739692612
 2060 303201 469.569679874748
 2060 303202 460.156638889231
 2060 303203 450.815693296467
 2060 303204 441.561069530272
 2060 303205 432.406207000867
 2060 303206 423.365761124997
 2060 303207 414.453210509586
 2060 303208 405.684824345237
 2060 303209 397.076010198365
 2060 303210 388.644510885906
 2060 303211 380.405839180181
 2060 303212 372.378008204534
 2060 303213 364.580981873903
 2060 303214 357.032044675504
 2060 303215 349.752815221297
 2060 303216 342.762642723204
 2060 303217 336.083564575636
 2060 303218 329.736644446256
 2060 303219 323.74414235076
 2060 303220 318.126203993387
 2060 303221 312.907123584351
 2060 303222 308.107139201864
 2060 303223 303.748593543674
 2060 303224 299.850865787832
 2060 303225 296.434672500183
 2060 303226 293.515239865569
 2060 303227 291.109935874662
 2060 303228 289.230760625703
 2060 303229 287.890098416089
 2060 303230 287.09373806829
 2060 303231 286.846462646128
 2060 303232 287.149074203918
 2060 303233 288.000505975458
 2060 303234 289.393157122165
 2060 303235 291.31991701572
 2060 303236 293.768115607004
 2060 303237 296.723306072288
 2060 303238 300.170194611371
 2060 303239 304.089404132056
 2060 303240 308.461585304411
 2060 303241 313.265116675977
 2060 303242 318.479350825182
 2060 303243 324.080655818147
 2060 303244 330.046686047005
 2060 303245 336.353579007781
 2060 303246 342.980529458945
 2060 303247 349.902871874941
 2060 303248 357.100150874042
 2060 303249 364.549924114974
 2060 303250 372.232393449165
 2060 303251 380.126340475593
 2060 303252 388.21395575157
 2060 303253 396.474555037046
 2060 303254 404.891015401059
 2060 303255 413.444610893848
 2060 303256 422.118825245894
 2060 303257 430.896125275275
 2060 303258 439.759818547002
 2060 303259 448.691899558216
 2060 303260 457.675446855096
 2060 303261 466.692781147241
 2060 303262 475.722912485594
 2060 303263 484.745607444891
 2060 303264 493.740879991134
 2060 303265 502.688310555365
 2060 303266 511.563087350723
 2060 303267 520.33770982369
 2060 303268 528.981035730003
 2060 303269 537.454916261618
 2060 303270 545.716896243773
 2060 303271 553.724021302925
 2060 303272 561.426523168658
 2060 303273 568.773411705673
 2060 303274 575.707595597974
 2060 303275 582.170143665158
 2060 303276 588.102347170952
 2060 303277 593.443924189602
 2060 303278 598.137174437252
 2060 303279 602.120191793532
 2060 303280 605.335786909828
 2060 303281 607.747542724857
 2060 303282 609.353256347759
 2060 303283 610.182217572829
 2060 303284 610.282544696985
 2060 303285 609.699136653518
 2060 303286 608.471345890927
 2060 303287 606.63543254315
 2060 303288 604.222580858863
 2060 303289 601.263115859077
 2060 303290 597.786156491485
 2060 303291 593.818073484641
 2060 303292 589.385579018012
 2060 303293 584.512310324974
 2060 303294 579.221960643316
 2060 303295 573.540559145201
 2060 303296 567.49104415824
 2060 303297 561.097025468766
 2060 303298 554.381808408448
 2060 303299 547.369497295979
 2060 303300 540.082453962663
 2060 303301 532.539861649479
 2060 303302 524.765343262963
 2060 303303 516.777184019841
 2060 303304 508.596556320521
 2060 303305 500.241051819995
 2060 303306 491.732594360978
 2060 303307 483.087636917594
 2060 303308 474.328894548066
 2060 303309 465.471670389092
 2060 303310 456.53889460164
 2060 303311 447.548780458359
 2060 303312 438.521415028449
 2060 303313 429.476534566346
 2060 303314 420.434855912103
 2060 303315 411.419019244441
 2060 303316 402.451731160653
 2060 303317 393.555678140281
 2060 303318 384.756864944169
 2060 303319 376.080508480603
 2060 303320 367.556091302686
 2060 303321 359.211446445628
 2060 303322 351.07884830662
 2060 303323 343.191505582292
 2060 303324 335.584410489584
 2060 303325 328.295413356342
 2060 303326 321.361551279532
 2060 303327 314.824603741258
 2060 303328 308.724714626846
 2060 303329 303.102368188799
 2060 303330 297.999979976381
 2060 303331 293.453397327292
 2060 303332 289.497304236283
 2060 303333 286.161331563407
 2060 303334 283.472068157464
 2060 303335 281.449062317238
 2060 303336 280.109718766706
 2060 303337 279.463382258245
 2060 303338 279.515818690996
 2060 303339 280.263788347342
 2060 303340 281.700329988615
 2060 303341 283.810796008579
 2060 303342 286.576840797964
 2060 303343 289.972726801652
 2060 303344 293.970791690749
 2060 303345 298.539306826854
 2060 303346 303.64252123098
 2060 303347 309.244899561395
 2060 303348 315.30820339266
 2060 303349 321.795987799822
 2060 303350 328.670269860229
 2060 303351 335.896207361956
 2060 303352 343.437005301737
 2060 303353 351.261307828752
 2060 303354 359.335956876862
 2060 303355 367.631332842974
 2060 303356 376.120757739159
 2060 303357 384.776013745287
 2060 303358 393.574141510984
 2060 303359 402.490842785836
 2060 303360 411.504180423196
 2060 303361 420.59464494396
 2060 303362 429.739929354254
 2060 303363 438.923056468952
 2060 303364 448.124433869496
 2060 303365 457.32576379189
 2060 303366 466.512032797305
 2060 303367 475.665304380343
 2060 303368 484.770361541034
 2060 303369 493.810871057834
 2060 303370 502.773276615333
 2060 303371 511.641858927458
 2060 303372 520.401625191652
 2060 303373 529.038243160478
 2060 303374 537.535188675857
 2060 303375 545.879478414462
 2060 303376 554.05554856514
 2060 303377 562.048048901446
 2060 303378 569.844021417528
 2060 303379 577.426713708799
 2060 303380 584.780800589039
 2060 303381 591.891755609953
 2060 303382 598.741170096388
 2060 303383 605.312748188457
 2060 303384 611.589718741922
 2060 303385 617.550675234455
 2060 303386 623.175222197767
 2060 303387 628.440863505142
 2060 303388 633.316708436834
 2060 303389 637.764527487001
 2060 303390 641.734294096724
 2060 303391 645.159008194793
 2060 303392 647.961209109523
 2060 303393 650.045839021056
 2060 303394 651.309951445459
 2060 303395 651.648463727693
 2060 303396 650.968963162466
 2060 303397 649.223694454098
 2060 303398 646.421509573961
 2060 303399 642.624947727622
 2060 303400 637.929013641091
 2060 303401 632.436550313003
 2060 303402 626.247372721585
 2060 303403 619.447433626374
 2060 303404 612.119771546896
 2060 303405 604.336557358121
 2060 303406 596.167679193336
 2060 303407 587.676868486091
 2060 303408 578.922478682755
 2060 303409 569.954896741709
 2060 303410 560.818658121732
 2060 303411 551.551410130536
 2060 303412 542.183151610383
 2060 303413 532.736368703085
 2060 303414 523.231632519968
 2060 303415 513.689647742963
 2060 303416 504.13025781505
 2060 303417 494.571291763865
 2060 303418 485.032761944986
 2060 303419 475.529630237647
 2060 303420 466.077280629145
 2060 303421 456.69014281569
 2060 303422 447.379456912174
 2060 303423 438.160250663725
 2060 303424 429.045885822385
 2060 303425 420.050929874089
 2060 303426 411.190176165929
 2060 303427 402.479112747931
 2060 303428 393.933974240763
 2060 303429 385.571567144572
 2060 303430 377.409206181156
 2060 303431 369.464067055051
 2060 303432 361.75593248715
 2060 303433 354.305185892737
 2060 303434 347.130355996187
 2060 303435 340.253319091096
 2060 303436 333.694058398552
 2060 303437 327.476269065205
 2060 303438 321.619756067211
 2060 303439 316.146457416996
 2060 303440 311.080142169961
 2060 303441 306.441515465439
 2060 303442 302.251202098044
 2060 303443 298.529569974993
 2060 303444 295.294385948011
 2060 303445 292.564042389016
 2060 303446 290.352863559186
 2060 303447 288.67130980976
 2060 303448 287.531648209754
 2060 303449 286.937730569271
 2060 303450 286.893724849647
 2060 303451 287.400718680455
 2060 303452 288.452967008376
 2060 303453 290.044627090787
 2060 303454 292.165422869042
 2060 303455 294.803023838944
 2060 303456 297.943109864698
 2060 303457 301.566745150431
 2060 303458 305.655673334993
 2060 303459 310.190491375271
 2060 303460 315.148871512786
 2060 303461 320.508223336511
 2060 303462 326.247468148148
 2060 303463 332.342586124221
 2060 303464 338.77026971136
 2060 303465 345.509208129639
 2060 303466 352.535543379487
 2060 303467 359.828873209156
 2060 303468 367.367881727873
 2060 303469 375.130432911646
 2060 303470 383.097724316331
 2060 303471 391.251936390431
 2060 303472 399.572008863784
 2060 303473 408.04139927405
 2060 303474 416.641753469093
 2060 303475 425.356313631619
 2060 303476 434.167240477105
 2060 303477 443.059025361394
 2060 303478 452.011654526746
 2060 303479 461.010581901329
 2060 303480 470.034744242715
 2060 303481 479.064372652696
 2060 303482 488.07939008857
 2060 303483 497.05979222681
 2060 303484 505.982944688287
 2060 303485 514.824569695596
 2060 303486 523.553965720531
 2060 303487 532.138623267958
 2060 303488 540.539502293091
 2060 303489 548.712980010467
 2060 303490 556.612973763145
 2060 303491 564.190050385244
 2060 303492 571.39097235924
 2060 303493 578.157440143248
 2060 303494 584.430575533289
 2060 303495 590.151524990296
 2060 303496 595.260551792099
 2060 303497 599.697672244489
 2060 303498 603.402294991099
 2060 303499 606.322663297351
 2060 303500 608.434017240349
 2060 303501 609.748506941373
 2060 303502 610.30251796662
 2060 303503 610.143697461337
 2060 303504 609.318424873159
 2060 303505 607.861166015037
 2060 303506 605.808155926985
 2060 303507 603.189420668915
 2060 303508 600.035332267686
 2060 303509 596.373334959086
 2060 303510 592.230286033912
 2060 303511 587.631357528993
 2060 303512 582.601844623039
 2060 303513 577.163996656157
 2060 303514 571.342899983683
 2060 303515 565.163613407735
 2060 303516 558.647543411092
 2060 303517 551.820155727127
 2060 303518 544.702827595345
 2060 303519 537.319019739487
 2060 303520 529.688418496823
 2060 303521 521.832545085537
 2060 303522 513.770667754838
 2060 303523 505.52375773314
 2060 303524 497.109207629779
 2060 303525 488.548020690805
 2060 303526 479.858348787143
 2060 303527 471.060829923996
 2060 303528 462.173969926228
 2060 303529 453.217081637066
 2060 303530 444.211183431367
 2060 303531 435.174599963318
 2060 303532 426.128953177686
 2060 303533 417.094347471089
 2060 303534 408.092739627598
 2060 303535 399.149863941405
 2060 303536 390.286412631963
 2060 303537 381.529411925042
 2060 303538 372.90613384685
 2060 303539 364.444943370074
 2060 303540 356.174567330565
 2060 303541 348.129379874506
 2060 303542 340.341443111186
 2060 303543 332.847691490852
 2060 303544 325.685448869593
 2060 303545 318.893862947425
 2060 303546 312.513692951585
 2060 303547 306.585097537408
 2060 303548 301.151366273923
 2060 303549 296.250697565233
 2060 303550 291.918496413745
 2060 303551 288.188528072288
 2060 303552 285.089777510609
 2060 303553 282.644670816698
 2060 303554 280.873472794849
 2060 303555 279.789434178956
 2060 303556 279.401565895457
 2060 303557 279.711479840271
 2060 303558 280.715612091702
 2060 303559 282.403513428931
 2060 303560 284.758872806867
 2060 303561 287.761220146836
 2060 303562 291.384416768711
 2060 303563 295.596863190142
 2060 303564 300.366817506903
 2060 303565 305.659562431143
 2060 303566 311.436694430201
 2060 303567 317.661460875453
 2060 303568 324.297689116266
 2060 303569 331.305455492795
 2060 303570 338.652001818069
 2060 303571 346.301905869087
 2060 303572 354.22186411699
 2060 303573 362.38174793906
 2060 303574 370.752738712586
 2060 303575 379.306093134441
 2060 303576 388.017250835941
 2060 303577 396.861552449578
 2060 303578 405.816684943236
 2060 303579 414.860434910787
 2060 303580 423.973906943032
 2060 303581 433.135854600308
 2060 303582 442.326810859428
 2060 303583 451.530985107312
 2060 303584 460.728870896974
 2060 303585 469.904188956266
 2060 303586 479.041826426859
 2060 303587 488.124870152343
 2060 303588 497.138247725087
 2060 303589 506.067669961202
 2060 303590 514.89791945356
 2060 303591 523.613762020053
 2060 303592 532.199800279464
 2060 303593 540.642387552708
 2060 303594 548.925411230231
 2060 303595 557.036294984717
 2060 303596 564.957047588577
 2060 303597 572.676194277394
 2060 303598 580.176196971698
 2060 303599 587.441941800999
 2060 303600 594.457848767162
 2060 303601 601.207065885051
 2060 303602 607.671393251861
 2060 303603 613.8336955489
 2060 303604 619.672163872626
 2060 303605 625.16717470595
 2060 303606 630.293110599625
 2060 303607 635.015890435314
 2060 303608 639.292564556101
 2060 303609 643.068993321597
 2060 303610 646.274120785166
 2060 303611 648.820977520189
 2060 303612 650.614515274996
 2060 303613 651.548620604145
 2060 303614 651.518997614187
 2060 303615 650.44880037777
 2060 303616 648.307646574195
 2060 303617 645.128416963075
 2060 303618 640.986384065417
 2060 303619 635.983190459585
 2060 303620 630.221979693711
 2060 303621 623.796493399508
 2060 303622 616.793113759108
 2060 303623 609.28764327134
 2060 303624 601.354890414621
 2060 303625 593.060049307846
 2060 303626 584.464643552031
 2060 303627 575.625428733526
 2060 303628 566.590428406326
 2060 303629 557.402773546742
 2060 303630 548.094759044313
 2060 303631 538.694221772618
 2060 303632 529.224127002436
 2060 303633 519.703573758127
 2060 303634 510.15250341457
 2060 303635 500.591397829374
 2060 303636 491.037231638538
 2060 303637 481.510055183296
 2060 303638 472.024804680612
 2060 303639 462.595276884353
 2060 303640 453.234617608545
 2060 303641 443.956494596491
 2060 303642 434.774121001515
 2060 303643 425.701929887579
 2060 303644 416.754856531818
 2060 303645 407.948424343321
 2060 303646 399.296528264517
 2060 303647 390.816516302997
 2060 303648 382.525764508032
 2060 303649 374.441953602603
 2060 303650 366.582205006449
 2060 303651 358.967772358841
 2060 303652 351.616282911713
 2060 303653 344.54881354866
 2060 303654 337.787211626755
 2060 303655 331.351884135367
 2060 303656 325.264850461212
 2060 303657 319.548248014785
 2060 303658 314.222965403222
 2060 303659 309.312095547917
 2060 303660 304.837507891153
 2060 303661 300.817722767679
 2060 303662 297.274839368864
 2060 303663 294.224833035324
 2060 303664 291.68489241419
 2060 303665 289.668126319658
 2060 303666 288.186349503547
 2060 303667 287.24779910495
 2060 303668 286.858023064542
 2060 303669 287.017331731714
 2060 303670 287.726930880337
 2060 303671 288.979292874693
 2060 303672 290.768072282012
 2060 303673 293.082662267904
 2060 303674 295.907952163893
 2060 303675 299.229042782371
 2060 303676 303.027061332478
 2060 303677 307.283301414076
 2060 303678 311.976907915081
 2060 303679 317.087050897648
 2060 303680 322.589381094514
 2060 303681 328.463061481773
 2060 303682 334.684609543614
 2060 303683 341.229679238447
 2060 303684 348.077809748005
 2060 303685 355.205191242205
 2060 303686 362.591943243313
 2060 303687 370.215225801764
 2060 303688 378.056901268837
 2060 303689 386.095440877583
 2060 303690 394.313187814366
 2060 303691 402.690080755544
 2060 303692 411.210209844739
 2060 303693 419.855167576343
 2060 303694 428.60692430719
 2060 303695 437.450026239873
 2060 303696 446.366191317438
 2060 303697 455.338399109179
 2060 303698 464.348197913605
 2060 303699 473.377440094721
 2060 303700 482.403666849722
 2060 303701 491.408333708935
 2060 303702 500.369451250674
 2060 303703 509.266348882593
 2060 303704 518.07009789553
 2060 303705 526.750799570979
 2060 303706 535.271841613635
 2060 303707 543.593849639559
 2060 303708 551.671434114612
 2060 303709 559.458373466644
 2060 303710 566.902115083208
 2060 303711 573.948856306963
 2060 303712 580.539956176483
 2060 303713 586.615373629493
 2060 303714 592.117172053323
 2060 303715 596.983854997394
 2060 303716 601.156557905724
 2060 303717 604.576904894247
 2060 303718 607.198529304575
 2060 303719 609.011667749156
 2060 303720 610.039505470355
 2060 303721 610.324240231115
 2060 303722 609.914331895374
 2060 303723 608.850397803689
 2060 303724 607.169680241152
 2060 303725 604.902986852786
 2060 303726 602.082427927539
 2060 303727 598.737536961853
 2060 303728 594.894165203386
 2060 303729 590.580478867443
 2060 303730 585.819411111574
 2060 303731 580.635664133543
 2060 303732 575.05252178868
 2060 303733 569.096029120261
 2060 303734 562.789775692802
 2060 303735 556.155825782292
 2060 303736 549.218319831318
 2060 303737 542.000422651151
 2060 303738 534.522014232454
 2060 303739 526.805694512299
 2060 303740 518.871201924152
 2060 303741 510.739067019171
 2060 303742 502.427680706863
 2060 303743 493.956398970979
 2060 303744 485.34512602312
 2060 303745 476.613512764449
 2060 303746 467.78089474389
 2060 303747 458.865751083027
 2060 303748 449.888725198942
 2060 303749 440.869132117076
 2060 303750 431.826291812637
 2060 303751 422.782297447303
 2060 303752 413.757327477308
 2060 303753 404.775599033635
 2060 303754 395.858210395837
 2060 303755 387.031465250912
 2060 303756 378.321146655107
 2060 303757 369.753733453278
 2060 303758 361.360077249448
 2060 303759 353.169129751465
 2060 303760 345.215089412799
 2060 303761 337.53139223974
 2060 303762 330.156001884747
 2060 303763 323.125884660997
 2060 303764 316.482251247698
 2060 303765 310.264219445535
 2060 303766 304.514777789271
 2060 303767 299.273439692233
 2060 303768 294.578393473305
 2060 303769 290.46584009228
 2060 303770 286.966529636576
 2060 303771 284.107217373321
 2060 303772 281.90905331226
 2060 303773 280.391684806258
 2060 303774 279.564724839741
 2060 303775 279.435094487513
 2060 303776 280.002971220257
 2060 303777 281.261334566669
 2060 303778 283.198190942939
 2060 303779 285.796281874184
 2060 303780 289.031565759088
 2060 303781 292.876031289772
 2060 303782 297.300207833783
 2060 303783 302.267172829399
 2060 303784 307.742884995838
 2060 303785 313.690715666266
 2060 303786 320.071890944728
 2060 303787 326.849661197254
 2060 303788 333.987378327633
 2060 303789 341.449728831627
 2060 303790 349.203201985578
 2060 303791 357.215767792742
 2060 303792 365.45697106188
 2060 303793 373.89823516098
 2060 303794 382.512865965363
 2060 303795 391.276828683107
 2060 303796 400.164473317305
 2060 303797 409.154744130899
 2060 303798 418.226813613228
 2060 303799 427.359673750022
 2060 303800 436.534984433091
 2060 303801 445.733210996347
 2060 303802 454.936638732312
 2060 303803 464.12823160088
 2060 303804 473.291638819732
 2060 303805 482.409825094922
 2060 303806 491.4693703868
 2060 303807 500.453255163216
 2060 303808 509.348265270405
 2060 303809 518.137504373123
 2060 303810 526.807153807172
 2060 303811 535.342224334722
 2060 303812 543.727274033065
 2060 303813 551.948131394738
 2060 303814 559.990734509389
 2060 303815 567.838693544945
 2060 303816 575.477496524383
 2060 303817 582.893097922965
 2060 303818 590.069082938815
 2060 303819 596.987904305316
 2060 303820 603.633813980985
 2060 303821 609.988575887882
 2060 303822 616.03300918915
 2060 303823 621.74763498182
 2060 303824 627.108994396926
 2060 303825 632.089854518409
 2060 303826 636.653482431305
 2060 303827 640.751812914481
 2060 303828 644.326541579344
 2060 303829 647.29823911318
 2060 303830 649.578675302065
 2060 303831 651.066138005974
 2060 303832 651.654739953239
 2060 303833 651.247258729572
 2060 303834 649.780534361819
 2060 303835 647.248543914355
 2060 303836 643.702467560964
 2060 303837 639.229579662498
 2060 303838 633.934398122354
 2060 303839 627.916636619462
 2060 303840 621.26823292289
 2060 303841 614.069952344482
 2060 303842 606.398344136894
 2060 303843 598.323358861905
 2060 303844 589.91010216594
 2060 303845 581.219195735919
 2060 303846 572.301364271643
 2060 303847 563.205509824792
 2060 303848 553.970253055482
 2060 303849 544.625294887734
 2060 303850 535.196616038097
 2060 303851 525.705234384655
 2060 303852 516.170896082401
 2060 303853 506.614322391709
 2060 303854 497.053012089345
 2060 303855 487.507886111254
 2060 303856 477.99349041044
 2060 303857 468.527651707407
 2060 303858 459.121897031731
 2060 303859 449.790123731459
 2060 303860 440.545614872143
 2060 303861 431.403111271277
 2060 303862 422.374970726451
 2060 303863 413.478095957943
 2060 303864 404.727252714424
 2060 303865 396.136653213162
 2060 303866 387.725056110539
 2060 303867 379.508958701496
 2060 303868 371.505949357346
 2060 303869 363.734908304106
 2060 303870 356.214629295288
 2060 303871 348.966413443972
 2060 303872 342.009958402201
 2060 303873 335.366093524461
 2060 303874 329.057585816958
 2060 303875 323.104571307757
 2060 303876 317.530087090204
 2060 303877 312.356155284388
 2060 303878 307.604695331956
 2060 303879 303.295587397936
 2060 303880 299.450582138644
 2060 303881 296.087094078505
 2060 303882 293.224748782575
 2060 303883 290.876047112304
 2060 303884 289.056173482089
 2060 303885 287.77529826058
 2060 303886 287.039331371974
 2060 303887 286.852722421036
 2060 303888 287.216556653562
 2060 303889 288.127488798437
 2060 303890 289.579672686925
 2060 303891 291.564200687434
 2060 303892 294.069579312882
 2060 303893 297.080288930495
 2060 303894 300.579714801036
 2060 303895 304.550067142854
 2060 303896 308.970896867304
 2060 303897 313.821099148007
 2060 303898 319.078414689469
 2060 303899 324.721569241513
 2060 303900 330.725897024934
 2060 303901 337.069878353514
 2060 303902 343.73001637526
 2060 303903 350.684138532
 2060 303904 357.909768932297
 2060 303905 365.386584325834
 2060 303906 373.093417915475
 2060 303907 381.009842441729
 2060 303908 389.116699486215
 2060 303909 397.395900267936
 2060 303910 405.828285922705
 2060 303911 414.396480703088
 2060 303912 423.08263975585
 2060 303913 431.870595531023
 2060 303914 440.741643426329
 2060 303915 449.680627854929
 2060 303916 458.669600904624
 2060 303917 467.688735360004
 2060 303918 476.719794221993
 2060 303919 485.740283402366
 2060 303920 494.731691671356
 2060 303921 503.671918944198
 2060 303922 512.536759814213
 2060 303923 521.299031985816
 2060 303924 529.92533822123
 2060 303925 538.377249578385
 2060 303926 546.61392981748
 2060 303927 554.590113958542
 2060 303928 562.255608093274
 2060 303929 569.559416869447
 2060 303930 576.444742018551
 2060 303931 582.851740179363
 2060 303932 588.721518744471
 2060 303933 593.995340790646
 2060 303934 598.612482660903
 2060 303935 602.513386276011
 2060 303936 605.64182082864
 2060 303937 607.963648422092
 2060 303938 609.481579187893
 2060 303939 610.228890492991
 2060 303940 610.250791080677
 2060 303941 609.594561347303
 2060 303942 608.298259633327
 2060 303943 606.396660541586
 2060 303944 603.922570577347
 2060 303945 600.904165286605
 2060 303946 597.371315089225
 2060 303947 593.351031177967
 2060 303948 588.869151769165
 2060 303949 583.947923733172
 2060 303950 578.61413842884
 2060 303951 572.890832749659
 2060 303952 566.801786124081
 2060 303953 560.370921874549
 2060 303954 553.622066593772
 2060 303955 546.578648857261
 2060 303956 539.262223366425
 2060 303957 531.692946274694
 2060 303958 523.894191357063
 2060 303959 515.884024770343
 2060 303960 507.682216278582
 2060 303961 499.309758427784
 2060 303962 490.784632609057
 2060 303963 482.126562018066
 2060 303964 473.354834061423
 2060 303965 464.489832244865
 2060 303966 455.549069249975
 2060 303967 446.553793941555
 2060 303968 437.523555652284
 2060 303969 428.478388193097
 2060 303970 419.438918234276
 2060 303971 410.427089322015
 2060 303972 401.466165286857
 2060 303973 392.579166643061
 2060 303974 383.792149132158
 2060 303975 375.131870306573
 2060 303976 366.625609727238
 2060 303977 358.303195666209
 2060 303978 350.195927283536
 2060 303979 342.337996820428
 2060 303980 334.763456716389
 2060 303981 327.511566994792
 2060 303982 320.619698661192
 2060 303983 314.12863977187
 2060 303984 308.079856636779
 2060 303985 302.513425327158
 2060 303986 297.469957533609
 2060 303987 292.987389005429
 2060 303988 289.097947018041
 2060 303989 285.832470638713
 2060 303990 283.215555548088
 2060 303991 281.26775439707
 2060 303992 280.004117355918
 2060 303993 279.435169663314
 2060 303994 279.563891899329
 2060 303995 280.388325543954
 2060 303996 281.900492196572
 2060 303997 284.084439179278
 2060 303998 286.920654664565
 2060 303999 290.385201329271
 2060 304000 294.447710228857
 2060 304001 299.076765468971
 2060 304002 304.237159187445
 2060 304003 309.891760088024
 2060 304004 316.003493835542
 2060 304005 322.535811352993
 2060 304006 329.451405685215
 2060 304007 336.713100604329
 2060 304008 344.287219831333
 2060 304009 352.141004152256
 2060 304010 360.240346106698
 2060 304011 368.55912758536
 2060 304012 377.067917198411
 2060 304013 385.740520116556
 2060 304014 394.552582293915
 2060 304015 403.481443218434
 2060 304016 412.503931619942
 2060 304017 421.6011207574
 2060 304018 430.751901727781
 2060 304019 439.937625792807
 2060 304020 449.140188778744
 2060 304021 458.340482310418
 2060 304022 467.52434955947
 2060 304023 476.672308192857
 2060 304024 485.770734707763
 2060 304025 494.803889704603
 2060 304026 503.757287843721
 2060 304027 512.614209522807
 2060 304028 521.361085798945
 2060 304029 529.982805013498
 2060 304030 538.464128292933
 2060 304031 546.790047732878
 2060 304032 554.946249551266
 2060 304033 562.918385990238
 2060 304034 570.691624130357
 2060 304035 578.25000806197
 2060 304036 585.577657517701
 2060 304037 592.660753612475
 2060 304038 599.480362404835
 2060 304039 606.020810543921
 2060 304040 612.262837881191
 2060 304041 618.187400725172
 2060 304042 623.774258071919
 2060 304043 628.998521022423
 2060 304044 633.82927864709
 2060 304045 638.227321351687
 2060 304046 642.139953409577
 2060 304047 645.50098574912
 2060 304048 648.227934496431
 2060 304049 650.227095527426
 2060 304050 651.395127692552
 2060 304051 651.624718578034
 2060 304052 650.829162392137
 2060 304053 648.96586323485
 2060 304054 646.049890794957
 2060 304055 642.149025391864
 2060 304056 637.360694147242
 2060 304057 631.786583662777
 2060 304058 625.524602344833
 2060 304059 618.663644352603
 2060 304060 611.282021080491
 2060 304061 603.453219834213
 2060 304062 595.245353480054
 2060 304063 586.723324572592
 2060 304064 577.942013537872
 2060 304065 568.954102800277
 2060 304066 559.80202450771
 2060 304067 550.522340060848
 2060 304068 541.144113333096
 2060 304069 531.689207447823
 2060 304070 522.180475631254
 2060 304071 512.634853281326
 2060 304072 503.074358323887
 2060 304073 493.517493549079
 2060 304074 483.982113779289
 2060 304075 474.484115856656
 2060 304076 465.038122467661
 2060 304077 455.658687192902
 2060 304078 446.357463035055
 2060 304079 437.148905026676
 2060 304080 428.047190997235
 2060 304081 419.066462520864
 2060 304082 410.221847831898
 2060 304083 401.527877388525
 2060 304084 393.002204585414
 2060 304085 384.660675560129
 2060 304086 376.520993187664
 2060 304087 368.602028655446
 2060 304088 360.921450722856
 2060 304089 353.49957935081
 2060 304090 346.356486236754
 2060 304091 339.513378516061
 2060 304092 332.990640739924
 2060 304093 326.811508011022
 2060 304094 320.996446038989
 2060 304095 315.567406465541
 2060 304096 310.547052193044
 2060 304097 305.957101684027
 2060 304098 301.817140366558
 2060 304099 298.148341966857
 2060 304100 294.96849156199
 2060 304101 292.294522036092
 2060 304102 290.14077617401
 2060 304103 288.518842946654
 2060 304104 287.439209210161
 2060 304105 286.90568487319
 2060 304106 286.92379647261
 2060 304107 287.489886122404
 2060 304108 288.602168089001
 2060 304109 290.253003001657
 2060 304110 292.431853013069
 2060 304111 295.125359205893
 2060 304112 298.31891356509
 2060 304113 301.994771095786
 2060 304114 306.13523732934
 2060 304115 310.71730047094
 2060 304116 315.720916173414
 2060 304117 321.123884291657
 2060 304118 326.903049570562
 2060 304119 333.035373582021
 2060 304120 339.499198403123
 2060 304121 346.270580331462
 2060 304122 353.328028523879
 2060 304123 360.649064258976
 2060 304124 368.213436814872
 2060 304125 376.000259160904
 2060 304126 383.989482894217
 2060 304127 392.162028289945
 2060 304128 400.499687622471
 2060 304129 408.984244752323
 2060 304130 417.598713664931
 2060 304131 426.324365437692
 2060 304132 435.144645634605
 2060 304133 444.04360834938
 2060 304134 453.002676524161
 2060 304135 462.005136466581
 2060 304136 471.030728535446
 2060 304137 480.060240132526
 2060 304138 489.073113646795
 2060 304139 498.047416194015
 2060 304140 506.963004475593
 2060 304141 515.793833102001
 2060 304142 524.509396958655
 2060 304143 533.076075636843
 2060 304144 541.453889058223
 2060 304145 549.599237589722
 2060 304146 557.465685379737
 2060 304147 565.004133080769
 2060 304148 572.159294599649
 2060 304149 578.874604776873
 2060 304150 585.090136306891
 2060 304151 590.746312216418
 2060 304152 595.783461868671
 2060 304153 600.142856015038
 2060 304154 603.763592663136
 2060 304155 606.595794303259
 2060 304156 608.618038234987
 2060 304157 609.845590630429
 2060 304158 610.318380465856
 2060 304159 610.084526517581
 2060 304160 609.187660330572
 2060 304161 607.663847132518
 2060 304162 605.545961519202
 2060 304163 602.866691287506
 2060 304164 599.655388296929
 2060 304165 595.939041499393
 2060 304166 591.745372161663
 2060 304167 587.097512831575
 2060 304168 582.020438198408
 2060 304169 576.539826467101
 2060 304170 570.678130347183
 2060 304171 564.459645763226
 2060 304172 557.909132849448
 2060 304173 551.048618496511
 2060 304174 543.900717557539
 2060 304175 536.489030337154
 2060 304176 528.831882935906
 2060 304177 520.952856674359
 2060 304178 512.869080883911
 2060 304179 504.602879689258
 2060 304180 496.171148018375
 2060 304181 487.59482730146
 2060 304182 478.892917587405
 2060 304183 470.083682226964
 2060 304184 461.188055506207
 2060 304185 452.22508742928
 2060 304186 443.214796379244
 2060 304187 434.175988327631
 2060 304188 425.130900016227
 2060 304189 416.098537307118
 2060 304190 407.103035287684
 2060 304191 398.166756490216
 2060 304192 389.313730651161
 2060 304193 380.570982901052
 2060 304194 371.964665516319
 2060 304195 363.521848801723
 2060 304196 355.275510370622
 2060 304197 347.256787331163
 2060 304198 339.499567029877
 2060 304199 332.040954909328
