 2060 302400 102.688180849201
 2060 302401 103.87776713535
 2060 302402 106.472691911881
 2060 302403 109.635680729196
 2060 302404 113.254935724817
 2060 302405 116.551839942628
 2060 302406 119.775575527841
 2060 302407 122.539459155306
 2060 302408 124.615273546135
 2060 302409 126.207094939039
 2060 302410 127.103167632216
 2060 302411 127.404947066508
 2060 302412 127.589322449175
 2060 302413 127.154047757027
 2060 302414 125.957839973873
 2060 302415 123.992921169344
 2060 302416 121.480441211292
 2060 302417 118.340921870016
 2060 302418 115.031810287509
 2060 302419 111.926711740472
 2060 302420 108.768535799041
 2060 302421 105.90007441439
 2060 302422 102.912574299489
 2060 302423 100.056710584055
 2060 302424 97.5396946890232
 2060 302425 95.0573537445722
 2060 302426 92.8132956478064
 2060 302427 90.953873969368
 2060 302428 89.2633001907804
 2060 302429 87.9838759492034
 2060 302430 86.9767179136542
 2060 302431 86.3708824434228
 2060 302432 86.1845384566195
 2060 302433 86.3991851059817
 2060 302434 87.02573713547
 2060 302435 87.9543985822991
 2060 302436 89.2523074770754
 2060 302437 90.6887348349526
 2060 302438 92.3713080236741
 2060 302439 94.132905033157
 2060 302440 95.759090779942
 2060 302441 97.1569317033142
 2060 302442 98.0973918970543
 2060 302443 98.5457084910612
 2060 302444 98.5856164256403
 2060 302445 98.2405919006659
 2060 302446 97.5049165837751
 2060 302447 96.4337912144496
 2060 302448 95.1659804814027
 2060 302449 93.5809024266023
 2060 302450 91.8059912807213
 2060 302451 90.0188257922173
 2060 302452 88.0325662353342
 2060 302453 86.140662297449
 2060 302454 84.134618000199
 2060 302455 82.1838765513503
 2060 302456 80.436718736032
 2060 302457 78.6949312534237
 2060 302458 77.1142760130067
 2060 302459 75.8079899348134
 2060 302460 74.6382526794124
 2060 302461 73.7804532655988
 2060 302462 73.146114032112
 2060 302463 72.8243025162999
 2060 302464 72.8203740588499
 2060 302465 73.1434369985471
 2060 302466 73.8060268610432
 2060 302467 74.7368787674737
 2060 302468 76.0511514438976
 2060 302469 77.5774631962809
 2060 302470 79.5045270033223
 2060 302471 81.7223800438974
 2060 302472 84.050890447137
 2060 302473 86.7793926115789
 2060 302474 89.7400798086699
 2060 302475 92.7104800168962
 2060 302476 96.0680389202816
 2060 302477 99.3756289839948
 2060 302478 103.059281066958
 2060 302479 106.887166025827
 2060 302480 110.502973507603
 2060 302481 113.196931641551
 2060 302482 114.723746230127
 2060 302483 115.469765441378
 2060 302484 115.804118661777
 2060 302485 115.843889998331
 2060 302486 115.710292631852
 2060 302487 115.472359393667
 2060 302488 115.200023220358
 2060 302489 114.887680640635
 2060 302490 114.572263628381
 2060 302491 114.283736602954
 2060 302492 113.991680915393
 2060 302493 113.738767981872
 2060 302494 113.490192620277
 2060 302495 113.266992111544
 2060 302496 113.078414332521
 2060 302497 112.90102237789
 2060 302498 112.747439443212
 2060 302499 112.623076773782
 2060 302500 112.510003230658
 2060 302501 112.421392346133
 2060 302502 112.343351316143
 2060 302503 112.28123179302
 2060 302504 112.236117025726
 2060 302505 112.199417992995
 2060 302506 112.171295583958
 2060 302507 112.151188121145
 2060 302508 112.132016056789
 2060 302509 112.114710118889
 2060 302510 112.092009233332
 2060 302511 112.061135640224
 2060 302512 112.020964403794
 2060 302513 111.959445965875
 2060 302514 111.876785818292
 2060 302515 111.772639380053
 2060 302516 111.626281640707
 2060 302517 111.451913191224
 2060 302518 111.21740619176
 2060 302519 110.923710945934
 2060 302520 110.586208633813
 2060 302521 110.151702351693
 2060 302522 109.626045363571
 2060 302523 109.038870252842
 2060 302524 108.274026529895
 2060 302525 107.350564665627
 2060 302526 106.173504726677
 2060 302527 104.840652425618
 2060 302528 103.485351799143
 2060 302529 101.959618766426
 2060 302530 100.382260624201
 2060 302531 98.8817396743947
 2060 302532 97.2801631473113
 2060 302533 95.7952346723618
 2060 302534 94.2502772304788
 2060 302535 92.7701382179611
 2060 302536 91.4645068481032
 2060 302537 90.1773073116175
 2060 302538 89.0300036279984
 2060 302539 88.1063326499118
 2060 302540 87.3177693542833
 2060 302541 86.7859644527298
 2060 302542 86.4785157653115
 2060 302543 86.4884428522099
 2060 302544 86.8489584334576
 2060 302545 87.6779571215124
 2060 302546 89.0271672354877
 2060 302547 90.7938567692748
 2060 302548 93.2163657573338
 2060 302549 95.9785529636747
 2060 302550 99.4214974237569
 2060 302551 103.344518746766
 2060 302552 107.434693204621
 2060 302553 112.131878727643
 2060 302554 116.763764644715
 2060 302555 120.952340663553
 2060 302556 125.21140731989
 2060 302557 128.979410097052
 2060 302558 132.739280011698
 2060 302559 136.220797035533
 2060 302560 139.227776427597
 2060 302561 142.160328200264
 2060 302562 144.815284348833
 2060 302563 147.057652548249
 2060 302564 149.194121294934
 2060 302565 150.97050761657
 2060 302566 152.633827289334
 2060 302567 154.072840325526
 2060 302568 155.230623486534
 2060 302569 156.278293243049
 2060 302570 157.147001730855
 2060 302571 157.813312448515
 2060 302572 158.384215962425
 2060 302573 158.798811790299
 2060 302574 159.130669042923
 2060 302575 159.362706242614
 2060 302576 159.50255767549
 2060 302577 159.582290248511
 2060 302578 159.603417197153
 2060 302579 159.581932103898
 2060 302580 159.478848820269
 2060 302581 158.892573706178
 2060 302582 157.797223629059
 2060 302583 156.383493937149
 2060 302584 154.870345505484
 2060 302585 153.129132241461
 2060 302586 151.308181778012
 2060 302587 149.559880161732
 2060 302588 147.675151467584
 2060 302589 145.907191683398
 2060 302590 144.031189670658
 2060 302591 142.175710615441
 2060 302592 140.464325976404
 2060 302593 138.672721099071
 2060 302594 136.922215458136
 2060 302595 135.322767522778
 2060 302596 133.664211175022
 2060 302597 132.158107643807
 2060 302598 130.608143524971
 2060 302599 129.121253672759
 2060 302600 127.788224578667
 2060 302601 126.434002269963
 2060 302602 125.157973513297
 2060 302603 124.035667019457
 2060 302604 122.91965255808
 2060 302605 121.955355216369
 2060 302606 121.015689619026
 2060 302607 120.171837611835
 2060 302608 119.469330345008
 2060 302609 118.812760606769
 2060 302610 118.252504362514
 2060 302611 117.813875914751
 2060 302612 117.431554354024
 2060 302613 117.151380845446
 2060 302614 116.929137126334
 2060 302615 116.777961404999
 2060 302616 116.693147758991
 2060 302617 116.654624721764
 2060 302618 116.655127182421
 2060 302619 116.684564146455
 2060 302620 116.663567444825
 2060 302621 115.99341201142
 2060 302622 114.664827920134
 2060 302623 112.943594249654
 2060 302624 111.111675610369
 2060 302625 109.013641664774
 2060 302626 106.819930846323
 2060 302627 104.703379754384
 2060 302628 102.387626811549
 2060 302629 100.132343970516
 2060 302630 97.6377891243907
 2060 302631 95.066745552679
 2060 302632 92.597933421549
 2060 302633 89.916668315339
 2060 302634 87.2041628879659
 2060 302635 84.6478681006284
 2060 302636 81.926768000325
 2060 302637 79.4016044802245
 2060 302638 76.7585135927438
 2060 302639 74.1927287680284
 2060 302640 71.8809842168961
 2060 302641 69.5435129473648
 2060 302642 67.3713583731825
 2060 302643 65.5140862642335
 2060 302644 63.7564886819231
 2060 302645 62.3473042323408
 2060 302646 61.1299799768218
 2060 302647 60.2377727839121
 2060 302648 59.7188294007509
 2060 302649 59.5259888537745
 2060 302650 59.7128129384007
 2060 302651 60.2261940856374
 2060 302652 61.1132660069105
 2060 302653 62.2217047823715
 2060 302654 63.644514877697
 2060 302655 65.2361741598388
 2060 302656 66.803791516791
 2060 302657 68.4826774155238
 2060 302658 70.1076033893511
 2060 302659 71.5666909252444
 2060 302660 73.0890049256449
 2060 302661 74.5546772308144
 2060 302662 76.2605592622628
 2060 302663 78.0302288666981
 2060 302664 79.2988428035602
 2060 302665 80.2200302854407
 2060 302666 80.7519710593135
 2060 302667 80.9565228995793
 2060 302668 80.9196697656499
 2060 302669 80.7035447860074
 2060 302670 80.3402105424503
 2060 302671 79.9022878084888
 2060 302672 79.4724146669012
 2060 302673 79.0392719414612
 2060 302674 78.669661153691
 2060 302675 78.4109759214219
 2060 302676 78.253722128863
 2060 302677 78.2416458102373
 2060 302678 78.3959599851115
 2060 302679 78.7448395449938
 2060 302680 79.2644109486818
 2060 302681 80.03309727243
 2060 302682 81.0282125680783
 2060 302683 82.1674580903859
 2060 302684 83.6032207098576
 2060 302685 85.1478537722956
 2060 302686 87.0046355884589
 2060 302687 89.0662706862583
 2060 302688 91.1769781745483
 2060 302689 93.6099653292154
 2060 302690 96.2199239133137
 2060 302691 98.8159757021406
 2060 302692 101.734142867647
 2060 302693 104.60027343206
 2060 302694 107.78528220507
 2060 302695 111.094221190886
 2060 302696 114.298032852693
 2060 302697 117.816289086278
 2060 302698 121.429984636841
 2060 302699 124.89555113738
 2060 302700 128.554404455768
 2060 302701 130.885757983908
 2060 302702 132.293058797478
 2060 302703 132.98569782508
 2060 302704 133.223600356977
 2060 302705 133.205928557898
 2060 302706 133.016583154247
 2060 302707 132.749899141105
 2060 302708 132.412634159236
 2060 302709 132.074314448586
 2060 302710 131.707215725008
 2060 302711 131.344453792224
 2060 302712 131.016784073912
 2060 302713 130.683375656451
 2060 302714 130.366930120199
 2060 302715 130.087265406872
 2060 302716 129.808411533924
 2060 302717 129.563880726864
 2060 302718 129.320623127081
 2060 302719 129.0928183826
 2060 302720 128.895253803106
 2060 302721 128.697916847995
 2060 302722 128.511733802893
 2060 302723 128.346643547713
 2060 302724 128.178723417535
 2060 302725 128.028081189113
 2060 302726 127.869003539118
 2060 302727 127.711733619313
 2060 302728 127.561520706818
 2060 302729 127.394835801649
 2060 302730 127.218831880262
 2060 302731 127.03814039093
 2060 302732 126.828491598088
 2060 302733 126.610162293783
 2060 302734 126.34789804349
 2060 302735 126.049660840594
 2060 302736 125.731671229105
 2060 302737 125.343695390046
 2060 302738 124.897662992729
 2060 302739 124.418720785951
 2060 302740 123.831066740222
 2060 302741 123.200073713689
 2060 302742 122.427065422399
 2060 302743 121.535706140092
 2060 302744 120.565908203974
 2060 302745 119.307496487114
 2060 302746 117.837010858321
 2060 302747 116.29383526626
 2060 302748 114.496353832871
 2060 302749 112.686004583715
 2060 302750 110.641331648727
 2060 302751 108.492794498105
 2060 302752 106.394498076758
 2060 302753 104.077681056038
 2060 302754 101.687408237283
 2060 302755 99.3926513480702
 2060 302756 96.9039622617248
 2060 302757 94.5475376621238
 2060 302758 92.037289980774
 2060 302759 89.5625751025907
 2060 302760 87.3090528754544
 2060 302761 85.0368438327063
 2060 302762 82.9874773687162
 2060 302763 81.3771557993791
 2060 302764 80.1187329594169
 2060 302765 79.4811940337413
 2060 302766 79.4651113004623
 2060 302767 80.1925323330594
 2060 302768 81.5697828732063
 2060 302769 83.7750872337002
 2060 302770 86.7135013362361
 2060 302771 90.1039131227145
 2060 302772 94.3644545367621
 2060 302773 98.8604488811894
 2060 302774 103.558114954927
 2060 302775 108.001269052644
 2060 302776 111.907837482321
 2060 302777 115.78154098562
 2060 302778 119.344136487751
 2060 302779 122.39913826902
 2060 302780 125.359560472928
 2060 302781 127.858550081775
 2060 302782 130.237874525768
 2060 302783 132.338306124787
 2060 302784 134.062045538533
 2060 302785 135.65382457205
 2060 302786 137.00646178196
 2060 302787 138.074742433275
 2060 302788 139.01468378553
 2060 302789 139.725877792826
 2060 302790 140.318064567477
 2060 302791 140.75895639356
 2060 302792 141.04774791896
 2060 302793 141.240901639516
 2060 302794 141.333612028553
 2060 302795 141.340659786957
 2060 302796 141.279427168368
 2060 302797 141.169905224139
 2060 302798 141.011370506184
 2060 302799 140.822366433823
 2060 302800 140.571855486687
 2060 302801 139.597361171367
 2060 302802 137.965036585302
 2060 302803 136.047550132374
 2060 302804 133.734034284636
 2060 302805 131.407739448743
 2060 302806 128.823077148353
 2060 302807 126.180206062534
 2060 302808 123.67953693332
 2060 302809 121.012381044128
 2060 302810 118.361205916585
 2060 302811 115.905036650725
 2060 302812 113.32307730126
 2060 302813 110.948848768134
 2060 302814 108.470404309023
 2060 302815 106.056332418245
 2060 302816 103.856571703423
 2060 302817 101.585398965662
 2060 302818 99.4004043604271
 2060 302819 97.4343606329261
 2060 302820 95.4354493360519
 2060 302821 93.6593124520435
 2060 302822 91.877288978169
 2060 302823 90.2191970980617
 2060 302824 88.7834377401705
 2060 302825 87.3856294879407
 2060 302826 86.130259746283
 2060 302827 85.0871058916826
 2060 302828 84.1169339019636
 2060 302829 83.3439807904997
 2060 302830 82.6612667030194
 2060 302831 82.1201625791804
 2060 302832 81.7370345498376
 2060 302833 81.4502815588003
 2060 302834 81.2800283589112
 2060 302835 81.2172465245269
 2060 302836 81.235419946857
 2060 302837 81.3185811238906
 2060 302838 81.4654103590317
 2060 302839 81.6521113691109
 2060 302840 81.8313044804641
 2060 302841 81.8321465255339
 2060 302842 81.6701224562626
 2060 302843 81.4347465214592
 2060 302844 81.1297591455861
 2060 302845 80.8056516959892
 2060 302846 80.4216421430582
 2060 302847 79.9913616087005
 2060 302848 79.5377822735182
 2060 302849 78.9872393425955
 2060 302850 78.3535650054025
 2060 302851 77.6635944316091
 2060 302852 76.758642490648
 2060 302853 75.7523776857362
 2060 302854 74.5357124469192
 2060 302855 73.2033904472284
 2060 302856 71.8795266404664
 2060 302857 70.4230517443657
 2060 302858 68.9546106730765
 2060 302859 67.6026176194704
 2060 302860 66.2212762259966
 2060 302861 65.0124870545735
 2060 302862 63.8474170507827
 2060 302863 62.8412878686662
 2060 302864 62.06927903571
 2060 302865 61.4535663894569
 2060 302866 61.0712468676754
 2060 302867 60.9410247534096
 2060 302868 61.0525028562424
 2060 302869 61.3893334221041
 2060 302870 61.9822536617852
 2060 302871 62.7915197618038
 2060 302872 63.7069526582917
 2060 302873 64.7994934625234
 2060 302874 65.948443037007
 2060 302875 67.0161598570757
 2060 302876 68.0900727641382
 2060 302877 69.0127967913871
 2060 302878 69.9229581397394
 2060 302879 70.8247565969071
 2060 302880 71.7597031974549
 2060 302881 72.9774589719481
 2060 302882 74.5589321143796
 2060 302883 76.3363282719963
 2060 302884 77.8528475525445
 2060 302885 78.864799219727
 2060 302886 79.5711981058989
 2060 302887 79.9632790099791
 2060 302888 80.1086455010893
 2060 302889 80.0874608097977
 2060 302890 79.9434902977735
 2060 302891 79.7449787568578
 2060 302892 79.5058191145976
 2060 302893 79.2850134011238
 2060 302894 79.0813293643477
 2060 302895 78.9358288103493
 2060 302896 78.8754210511893
 2060 302897 78.9124306116299
 2060 302898 79.0748677013461
 2060 302899 79.3576287320496
 2060 302900 79.8066810293795
 2060 302901 80.3731797308831
 2060 302902 81.137999796677
 2060 302903 82.0674494366262
 2060 302904 83.0902018953758
 2060 302905 84.3410034381438
 2060 302906 85.7535801818477
 2060 302907 87.2222994023851
 2060 302908 88.935267672392
 2060 302909 90.6768120192094
 2060 302910 92.6696314015883
 2060 302911 94.7968813515831
 2060 302912 96.9049464631177
 2060 302913 99.2689967208907
 2060 302914 101.745000457089
 2060 302915 104.159783054972
 2060 302916 106.829414727301
 2060 302917 109.415677514419
 2060 302918 112.252762215565
 2060 302919 115.166539316056
 2060 302920 117.88388714728
 2060 302921 119.835556434598
 2060 302922 120.901148419019
 2060 302923 121.388188301013
 2060 302924 121.563482156524
 2060 302925 121.527697073362
 2060 302926 121.363373787187
 2060 302927 121.124820850161
 2060 302928 120.867730486456
 2060 302929 120.580511683928
 2060 302930 120.295303408148
 2060 302931 120.036635845235
 2060 302932 119.774384999501
 2060 302933 119.546461666805
 2060 302934 119.322317728003
 2060 302935 119.118420544413
 2060 302936 118.945648251568
 2060 302937 118.777796923441
 2060 302938 118.628450133222
 2060 302939 118.503972465318
 2060 302940 118.385675016159
 2060 302941 118.286426385287
 2060 302942 118.190534400974
 2060 302943 118.104398601404
 2060 302944 118.028511682389
 2060 302945 117.951744179247
 2060 302946 117.874728831326
 2060 302947 117.799884932041
 2060 302948 117.711463388599
 2060 302949 117.619004740023
 2060 302950 117.505292961698
 2060 302951 117.368311336474
 2060 302952 117.217275791531
 2060 302953 117.023161574845
 2060 302954 116.788498462063
 2060 302955 116.527174590007
 2060 302956 116.194040798151
 2060 302957 115.82407532552
 2060 302958 115.357791232511
 2060 302959 114.806984887736
 2060 302960 114.20069901723
 2060 302961 113.444811825057
 2060 302962 112.523323777744
 2060 302963 111.449854243742
 2060 302964 110.116893386068
 2060 302965 108.722221711921
 2060 302966 107.114123517615
 2060 302967 105.408998809406
 2060 302968 103.74328990353
 2060 302969 101.91526791405
 2060 302970 100.056397761402
 2060 302971 98.2960848508007
 2060 302972 96.4187984262968
 2060 302973 94.6796588186634
 2060 302974 92.8654085330467
 2060 302975 91.1147859077157
 2060 302976 89.5593742553916
 2060 302977 88.0251045896061
 2060 302978 86.6555465620943
 2060 302979 85.5583177721753
 2060 302980 84.6489012510047
 2060 302981 84.1103417720217
 2060 302982 83.9687983775162
 2060 302983 84.3648397200902
 2060 302984 85.2815649247537
 2060 302985 86.8745779498223
 2060 302986 89.1027487904481
 2060 302987 91.752266795044
 2060 302988 95.1458968794855
 2060 302989 98.8315263516164
 2060 302990 103.270534151989
 2060 302991 108.032193391679
 2060 302992 112.366533118187
 2060 302993 116.786355341705
 2060 302994 120.956409825981
 2060 302995 124.617400622848
 2060 302996 128.244786517836
 2060 302997 131.379458984125
 2060 302998 134.439261058808
 2060 302999 137.208784274171
 2060 303000 139.548847336579
 2060 303001 141.779722266642
 2060 303002 143.746569051091
 2060 303003 145.366143465386
 2060 303004 146.865130854725
 2060 303005 148.068684825587
 2060 303006 149.156862570936
 2060 303007 150.054617533207
 2060 303008 150.739200243306
 2060 303009 151.321034645075
 2060 303010 151.763741888574
 2060 303011 152.066693085701
 2060 303012 152.287393368538
 2060 303013 152.411215771604
 2060 303014 152.46730821074
 2060 303015 152.460431263396
 2060 303016 152.40951730777
 2060 303017 152.317724027797
 2060 303018 152.199162852652
 2060 303019 152.075628836506
 2060 303020 151.868512964212
 2060 303021 151.004771782305
 2060 303022 149.436683254103
 2060 303023 147.437607078471
 2060 303024 145.313836643466
 2060 303025 142.881055490307
 2060 303026 140.347399124412
 2060 303027 137.923512357439
 2060 303028 135.317759591997
 2060 303029 132.876194158142
 2060 303030 130.290329932792
 2060 303031 127.735437291218
 2060 303032 125.376157498247
 2060 303033 122.907512333483
 2060 303034 120.49305723149
 2060 303035 118.286063942494
 2060 303036 115.998624073752
 2060 303037 113.921840930569
 2060 303038 111.785354268663
 2060 303039 109.737938248348
 2060 303040 107.906143133807
 2060 303041 106.049294665179
 2060 303042 104.301602676858
 2060 303043 102.766330172204
 2060 303044 101.245665650695
 2060 303045 99.9319376126528
 2060 303046 98.6522165336917
 2060 303047 97.5004944863118
 2060 303048 96.5376628783599
 2060 303049 95.6298925337952
 2060 303050 94.8442428091546
 2060 303051 94.2133879552398
 2060 303052 93.6442156838089
 2060 303053 93.2002340500793
 2060 303054 92.8132213692979
 2060 303055 92.5012259864078
 2060 303056 92.2633090937223
 2060 303057 92.0573491901845
 2060 303058 91.883624732839
 2060 303059 91.733757041854
 2060 303060 91.5961068658096
 2060 303061 91.6713844390147
 2060 303062 91.9123393782592
 2060 303063 92.2128147275479
 2060 303064 92.4792246395466
 2060 303065 92.6994827602793
 2060 303066 92.815709780061
 2060 303067 92.7656413225385
 2060 303068 92.4845111847189
 2060 303069 92.0469288410417
 2060 303070 91.4478945137182
 2060 303071 90.7720915422344
 2060 303072 90.1190871012335
 2060 303073 89.4608571057073
 2060 303074 88.8951772537851
 2060 303075 88.49310470872
 2060 303076 88.2442453479325
 2060 303077 88.2201263204389
 2060 303078 88.4521134229393
 2060 303079 88.980493036002
 2060 303080 89.7705007448888
 2060 303081 90.9479050286622
 2060 303082 92.4912542349933
 2060 303083 94.2883039675189
 2060 303084 96.5996453460027
 2060 303085 99.1515849497214
 2060 303086 102.304529293567
 2060 303087 105.917644809836
 2060 303088 109.729244424218
 2060 303089 114.241234153708
 2060 303090 119.184979158638
 2060 303091 124.165669675481
 2060 303092 129.788377942484
 2060 303093 135.164997769519
 2060 303094 140.762340801855
 2060 303095 146.006785215491
 2060 303096 150.468396635522
 2060 303097 154.665328761964
 2060 303098 158.260604943207
 2060 303099 161.107887320929
 2060 303100 163.629612591892
 2060 303101 165.559919346448
 2060 303102 167.204758377305
 2060 303103 168.471807849157
 2060 303104 169.361208445183
 2060 303105 170.033639409932
 2060 303106 170.467534818154
 2060 303107 170.691364251385
 2060 303108 170.769082488654
 2060 303109 170.719253817521
 2060 303110 170.556870826067
 2060 303111 170.301729956052
 2060 303112 169.989249098345
 2060 303113 169.59185817143
 2060 303114 169.135221550785
 2060 303115 168.663187880501
 2060 303116 168.123689922044
 2060 303117 167.590519164958
 2060 303118 166.997683816291
 2060 303119 166.388166781766
 2060 303120 165.802190664045
 2060 303121 165.166277684064
 2060 303122 164.519586587787
 2060 303123 163.910049829256
 2060 303124 163.255041661696
 2060 303125 162.641669513176
 2060 303126 161.987761676623
 2060 303127 161.336891274012
 2060 303128 160.731310829406
 2060 303129 160.0925893258
 2060 303130 159.461785760514
 2060 303131 158.881227415361
 2060 303132 158.272921376499
 2060 303133 157.713875968377
 2060 303134 157.132610676407
 2060 303135 156.566006403165
 2060 303136 156.050041377528
 2060 303137 155.516856465934
 2060 303138 155.001672719957
 2060 303139 154.535571002348
 2060 303140 154.057552842979
 2060 303141 153.626750548192
 2060 303142 153.187790211878
 2060 303143 152.76968627656
 2060 303144 152.397976971513
 2060 303145 152.020832065746
 2060 303146 151.668096493424
 2060 303147 151.358015806955
 2060 303148 151.047643298526
 2060 303149 150.779548765999
 2060 303150 150.515602682567
 2060 303151 150.274143012471
 2060 303152 150.069507595525
 2060 303153 149.873469206301
 2060 303154 149.700697032354
 2060 303155 149.558747386934
 2060 303156 149.429843100515
 2060 303157 149.32874594647
 2060 303158 149.241373475912
 2060 303159 149.174939135236
 2060 303160 149.131381264844
 2060 303161 149.103477071967
 2060 303162 149.092886410019
 2060 303163 149.099067287334
 2060 303164 149.118275502754
 2060 303165 149.148292051786
 2060 303166 149.174841598925
 2060 303167 149.159866337992
 2060 303168 149.125098078717
 2060 303169 149.095447673853
 2060 303170 149.096732258099
 2060 303171 149.151147786374
 2060 303172 149.29448516555
 2060 303173 149.530247154084
 2060 303174 149.914264068053
 2060 303175 150.457547065873
 2060 303176 151.130815365099
 2060 303177 152.041435523472
 2060 303178 153.168035923915
 2060 303179 154.43648438715
 2060 303180 156.021587893901
 2060 303181 157.735307705553
 2060 303182 159.814250131629
 2060 303183 162.156576049265
 2060 303184 164.590471503976
 2060 303185 167.435535971337
 2060 303186 170.525233622901
 2060 303187 173.622885642887
 2060 303188 177.115720174157
 2060 303189 180.536449012143
 2060 303190 184.302872853263
 2060 303191 188.141394823246
 2060 303192 191.756198653595
 2060 303193 195.570141455132
 2060 303194 199.278040217579
 2060 303195 202.595450553877
 2060 303196 205.897641531064
 2060 303197 208.706346237936
 2060 303198 211.422451305513
 2060 303199 214.355730517946
 2060 303200 217.304917877966
 2060 303201 220.584209142306
 2060 303202 223.942253281808
 2060 303203 227.111888856661
 2060 303204 230.470207777344
 2060 303205 233.559523147663
 2060 303206 236.755248019793
 2060 303207 239.820696108509
 2060 303208 242.551191607036
 2060 303209 245.290467464566
 2060 303210 247.834323187948
 2060 303211 250.030356937052
 2060 303212 252.165544494095
 2060 303213 253.966125308236
 2060 303214 255.670371865735
 2060 303215 257.153629171299
 2060 303216 258.346384534379
 2060 303217 259.411513717126
 2060 303218 260.269421062229
 2060 303219 260.892882511199
 2060 303220 261.373549281453
 2060 303221 261.657271320733
 2060 303222 261.792924539586
 2060 303223 261.765043955384
 2060 303224 261.600831218066
 2060 303225 261.288833726324
 2060 303226 260.846055697551
 2060 303227 260.322665521113
 2060 303228 259.659243858178
 2060 303229 258.948794666025
 2060 303230 258.106575268789
 2060 303231 257.185724878033
 2060 303232 256.260089473583
 2060 303233 255.21540153772
 2060 303234 254.120925710522
 2060 303235 253.055728330834
 2060 303236 251.885827052688
 2060 303237 250.762646909517
 2060 303238 249.543841336741
 2060 303239 248.30817845777
 2060 303240 247.139832439014
 2060 303241 245.888608489541
 2060 303242 244.634490769326
 2060 303243 243.462355794523
 2060 303244 242.217836597614
 2060 303245 241.060762449956
 2060 303246 239.840724786182
 2060 303247 238.637509614474
 2060 303248 237.529450087662
 2060 303249 236.371016273084
 2060 303250 235.241296125857
 2060 303251 234.208924292071
 2060 303252 233.14171750464
 2060 303253 232.175416248162
 2060 303254 231.183725822156
 2060 303255 230.236448385157
 2060 303256 229.391587886341
 2060 303257 228.54098992959
 2060 303258 227.744854635699
 2060 303259 227.051769797095
 2060 303260 226.372285048249
 2060 303261 225.79451877767
 2060 303262 225.243380692825
 2060 303263 224.760569571251
 2060 303264 224.371212826062
 2060 303265 224.021973861679
 2060 303266 223.742577908082
 2060 303267 223.53999936044
 2060 303268 223.386947814509
 2060 303269 223.297714090176
 2060 303270 223.258296168416
 2060 303271 223.26793415983
 2060 303272 223.316739563003
 2060 303273 223.404425349887
 2060 303274 223.501665027117
 2060 303275 223.601241402972
 2060 303276 223.726362650894
 2060 303277 223.871669062918
 2060 303278 224.064254666223
 2060 303279 224.308943711844
 2060 303280 224.591845339381
 2060 303281 224.954510959253
 2060 303282 225.379758050442
 2060 303283 225.833826699911
 2060 303284 226.366702052401
 2060 303285 226.90221532839
 2060 303286 227.492322855164
 2060 303287 228.082518736107
 2060 303288 228.613226259893
 2060 303289 229.126174685348
 2060 303290 229.554911762038
 2060 303291 229.851348790815
 2060 303292 230.02560840485
 2060 303293 230.02647197845
 2060 303294 229.83122785855
 2060 303295 229.40523844088
 2060 303296 228.78339599923
 2060 303297 227.866220157733
 2060 303298 227.049455645959
 2060 303299 227.258710931136
 2060 303300 228.528943409909
 2060 303301 230.645306501411
 2060 303302 233.809168562589
 2060 303303 237.81577468497
 2060 303304 242.244482731956
 2060 303305 247.577837350656
 2060 303306 253.424959280053
 2060 303307 259.255407521342
 2060 303308 265.718403592744
 2060 303309 271.874568499838
 2060 303310 278.400446905173
 2060 303311 284.724861048135
 2060 303312 290.330993285521
 2060 303313 295.835480091581
 2060 303314 300.744060441601
 2060 303315 304.755713877422
 2060 303316 308.401579733217
 2060 303317 311.260570265599
 2060 303318 313.771201312359
 2060 303319 315.794269153112
 2060 303320 317.304059874723
 2060 303321 318.557161716716
 2060 303322 319.494771914945
 2060 303323 320.126049004185
 2060 303324 320.578001695472
 2060 303325 320.826734928601
 2060 303326 320.937551827493
 2060 303327 320.918728093431
 2060 303328 320.801954033897
 2060 303329 320.590246166389
 2060 303330 320.303276308562
 2060 303331 319.97379516933
 2060 303332 319.566522347099
 2060 303333 319.139688200852
 2060 303334 318.643843783377
 2060 303335 318.114554927891
 2060 303336 317.591651167008
 2060 303337 317.01247074205
 2060 303338 316.411368406789
 2060 303339 315.834702122808
 2060 303340 315.204288516177
 2060 303341 314.601631859984
 2060 303342 313.950969646613
 2060 303343 313.292273529077
 2060 303344 312.670429127815
 2060 303345 312.003125437766
 2060 303346 311.333485094464
 2060 303347 310.707345727464
 2060 303348 310.038549480386
 2060 303349 309.415843359633
 2060 303350 308.755611349809
 2060 303351 308.100654890528
 2060 303352 307.493587253512
 2060 303353 306.852615947834
 2060 303354 306.219956049604
 2060 303355 305.637522632518
 2060 303356 305.026165153027
 2060 303357 304.461781872521
 2060 303358 303.871864701185
 2060 303359 303.295160187328
 2060 303360 302.766141582965
 2060 303361 302.21512886675
 2060 303362 301.679570420324
 2060 303363 301.190795970072
 2060 303364 300.684400576651
 2060 303365 300.22455517846
 2060 303366 299.75151449322
 2060 303367 299.294752858948
 2060 303368 298.881548232611
 2060 303369 298.459339587289
 2060 303370 298.056503579392
 2060 303371 297.695286200278
 2060 303372 297.327002026281
 2060 303373 296.988230342839
 2060 303374 296.635684315058
 2060 303375 296.300092813161
 2060 303376 296.009715167924
 2060 303377 295.73253440569
 2060 303378 295.498334562051
 2060 303379 295.326055650304
 2060 303380 295.199293676284
 2060 303381 295.136610174028
 2060 303382 295.13458710527
 2060 303383 295.19921004957
 2060 303384 295.321585172763
 2060 303385 295.513073318272
 2060 303386 295.763144820373
 2060 303387 296.04666362747
 2060 303388 296.391663101161
 2060 303389 296.746630521908
 2060 303390 297.150035522656
 2060 303391 297.568483562836
 2060 303392 297.962773394919
 2060 303393 298.376354629578
 2060 303394 298.768582728847
 2060 303395 299.10718515772
 2060 303396 299.425593937285
 2060 303397 299.672314825888
 2060 303398 299.867507206395
 2060 303399 299.975833154756
 2060 303400 299.982556901851
 2060 303401 299.873204410303
 2060 303402 299.619549238673
 2060 303403 299.228197830581
 2060 303404 298.626439702289
 2060 303405 298.694409705499
 2060 303406 299.909092647944
 2060 303407 302.209884891264
 2060 303408 305.251608772313
 2060 303409 309.315588986084
 2060 303410 314.090015966854
 2060 303411 319.079371853394
 2060 303412 324.810614965034
 2060 303413 330.439373106315
 2060 303414 336.58886323242
 2060 303415 342.756545008054
 2060 303416 348.448362293737
 2060 303417 354.328878565184
 2060 303418 359.948258844466
 2060 303419 364.955178306814
 2060 303420 370.01041287511
 2060 303421 374.486256198895
 2060 303422 378.978808896878
 2060 303423 383.183096962743
 2060 303424 386.861322275703
 2060 303425 390.505172982357
 2060 303426 393.862345358134
 2060 303427 396.75193808466
 2060 303428 399.562077566206
 2060 303429 401.943809273001
 2060 303430 404.223568373989
 2060 303431 406.238116645969
 2060 303432 407.895177880346
 2060 303433 409.423166685883
 2060 303434 410.716727239237
 2060 303435 411.725774046268
 2060 303436 412.596761222148
 2060 303437 413.2291214545
 2060 303438 413.720379755512
 2060 303439 414.034162644778
 2060 303440 414.17545904248
 2060 303441 414.177005508515
 2060 303442 414.034706697362
 2060 303443 413.780553291174
 2060 303444 413.391427326486
 2060 303445 412.925701797577
 2060 303446 412.333291139641
 2060 303447 411.647794530672
 2060 303448 410.931847744968
 2060 303449 410.097520002225
 2060 303450 409.198872658597
 2060 303451 408.304722414461
 2060 303452 407.302837252498
 2060 303453 406.323456603311
 2060 303454 405.244419856677
 2060 303455 404.13477691228
 2060 303456 403.069567719964
 2060 303457 401.913763342393
 2060 303458 400.740544907831
 2060 303459 399.629631076112
 2060 303460 398.436721230554
 2060 303461 397.311919302779
 2060 303462 396.111368349771
 2060 303463 394.912855974638
 2060 303464 393.796135772012
 2060 303465 392.612532255354
 2060 303466 391.44315256624
 2060 303467 390.362836270311
 2060 303468 389.232224782323
 2060 303469 388.194394235752
 2060 303470 387.11501229219
 2060 303471 386.067362263454
 2060 303472 385.118344050312
 2060 303473 384.1448802222
 2060 303474 383.213746197973
 2060 303475 382.382919359643
 2060 303476 381.547699986641
 2060 303477 380.814028222514
 2060 303478 380.086260074048
 2060 303479 379.419677013606
 2060 303480 378.854526569073
 2060 303481 378.315929397481
 2060 303482 377.840008995844
 2060 303483 377.448926098516
 2060 303484 377.084797781532
 2060 303485 376.790361727716
 2060 303486 376.515986778727
 2060 303487 376.269703105606
 2060 303488 376.049616726482
 2060 303489 375.804314139866
 2060 303490 375.520009967524
 2060 303491 375.184499575832
 2060 303492 374.717300863119
 2060 303493 374.133455609238
 2060 303494 373.305030532449
 2060 303495 372.207262863367
 2060 303496 370.876938916133
 2060 303497 369.073127428782
 2060 303498 366.803959915966
 2060 303499 364.188972114982
 2060 303500 360.811238662179
 2060 303501 357.033760864099
 2060 303502 352.283502266256
 2060 303503 346.73440357461
 2060 303504 340.856665825951
 2060 303505 335.148053306541
 2060 303506 330.413094758587
 2060 303507 326.884786133787
 2060 303508 324.108450356092
 2060 303509 322.443099119677
 2060 303510 321.660135074328
 2060 303511 321.888954530551
 2060 303512 322.999032532775
 2060 303513 325.100259940195
 2060 303514 328.100885955373
 2060 303515 331.682392625917
 2060 303516 336.258076432129
 2060 303517 341.196525881946
 2060 303518 347.085830615789
 2060 303519 353.544472564637
 2060 303520 360.045428145897
 2060 303521 367.385897269893
 2060 303522 375.067122831284
 2060 303523 382.508828193959
 2060 303524 390.628067118774
 2060 303525 398.334300681053
 2060 303526 406.56463145969
 2060 303527 414.703659872888
 2060 303528 422.145216826793
 2060 303529 429.762217833155
 2060 303530 436.917159303787
 2060 303531 443.094735811964
 2060 303532 449.016701004275
 2060 303533 453.884127456492
 2060 303534 458.334365032922
 2060 303535 462.050255602125
 2060 303536 464.927019342653
 2060 303537 467.42654946105
 2060 303538 469.417495675294
 2060 303539 470.888632078752
 2060 303540 472.094631607895
 2060 303541 472.934887851384
 2060 303542 473.568489003435
 2060 303543 473.97765727627
 2060 303544 474.190872959319
 2060 303545 474.268478756448
 2060 303546 474.220266832881
 2060 303547 474.081495996155
 2060 303548 473.850464516875
 2060 303549 473.565275065671
 2060 303550 473.1979426763
 2060 303551 472.777436407426
 2060 303552 472.338952055602
 2060 303553 471.834461061275
 2060 303554 471.295477870298
 2060 303555 470.767202945344
 2060 303556 470.180268762889
 2060 303557 469.613859906213
 2060 303558 468.993649057134
 2060 303559 468.358910700946
 2060 303560 467.753914887961
 2060 303561 467.09917977655
 2060 303562 466.438474771281
 2060 303563 465.813738228087
 2060 303564 465.14400628079
 2060 303565 464.515495587701
 2060 303566 463.844034970855
 2060 303567 463.174839530512
 2060 303568 462.549486236839
 2060 303569 461.888570073921
 2060 303570 461.231087331482
 2060 303571 460.621783347332
 2060 303572 459.978007762428
 2060 303573 459.383443594798
 2060 303574 458.758177284103
 2060 303575 458.14248215269
 2060 303576 457.576078609827
 2060 303577 456.982615101362
 2060 303578 456.401338135544
 2060 303579 455.870631488762
 2060 303580 455.317411152885
 2060 303581 454.811819935363
 2060 303582 454.284287224637
 2060 303583 453.768595832625
 2060 303584 453.294679925883
 2060 303585 452.797496408542
 2060 303586 452.306371930687
 2060 303587 451.844682772771
 2060 303588 451.343565327999
 2060 303589 450.85641015067
 2060 303590 450.306021928541
 2060 303591 449.706290881017
 2060 303592 449.08040100865
 2060 303593 448.323757256982
 2060 303594 447.449324188806
 2060 303595 446.496759992735
 2060 303596 445.310238759389
 2060 303597 444.007030804713
 2060 303598 442.380699296325
 2060 303599 440.47188515732
 2060 303600 438.395315454868
 2060 303601 435.836916824372
 2060 303602 432.886999395821
 2060 303603 429.733923988038
 2060 303604 425.922680773111
 2060 303605 421.904404287192
 2060 303606 417.11377189705
 2060 303607 411.77846443726
 2060 303608 406.262378928882
 2060 303609 399.81534335364
 2060 303610 392.772221153715
 2060 303611 386.145674804204
 2060 303612 380.170166941979
 2060 303613 375.664871530252
 2060 303614 372.06050308296
 2060 303615 369.717468970694
 2060 303616 368.66885554109
 2060 303617 368.76643077292
 2060 303618 370.090845493467
 2060 303619 372.404944655725
 2060 303620 375.967086475624
 2060 303621 380.26707343276
 2060 303622 385.796948964352
 2060 303623 392.202490755571
 2060 303624 398.906751993304
 2060 303625 406.690108128042
 2060 303626 415.010124169203
 2060 303627 423.188218669745
 2060 303628 432.198117826747
 2060 303629 440.809703315485
 2060 303630 450.05314133109
 2060 303631 459.245342214964
 2060 303632 467.719865946668
 2060 303633 476.511847872737
 2060 303634 484.950851689295
 2060 303635 492.467189355644
 2060 303636 500.01051856156
 2060 303637 506.619285611144
 2060 303638 513.180957121241
 2060 303639 519.265276715123
 2060 303640 524.557756130835
 2060 303641 529.787203243953
 2060 303642 534.601077037884
 2060 303643 538.751995537659
 2060 303644 542.808850972589
 2060 303645 546.277523756076
 2060 303646 549.633396069384
 2060 303647 552.646662743042
 2060 303648 555.173611214395
 2060 303649 557.565012368861
 2060 303650 559.654820322218
 2060 303651 561.356110005958
 2060 303652 562.9087357876
 2060 303653 564.134234495673
 2060 303654 565.20780360956
 2060 303655 566.057727152383
 2060 303656 566.664658828243
 2060 303657 567.121879463274
 2060 303658 567.395348098781
 2060 303659 567.500776931557
 2060 303660 567.459648372391
 2060 303661 567.290926023842
 2060 303662 566.983750148137
 2060 303663 566.554204878819
 2060 303664 566.05293803752
 2060 303665 565.421764142435
 2060 303666 564.700175421395
 2060 303667 563.951696126461
 2060 303668 563.082472930057
 2060 303669 562.209040810402
 2060 303670 561.222146465232
 2060 303671 560.183880765103
 2060 303672 559.17178793198
 2060 303673 558.054640502123
 2060 303674 556.904005151707
 2060 303675 555.800060901467
 2060 303676 554.598884660698
 2060 303677 553.457446455356
 2060 303678 552.223619511139
 2060 303679 550.979500283945
 2060 303680 549.807692847242
 2060 303681 548.554819873101
 2060 303682 547.303427624912
 2060 303683 546.137521587773
 2060 303684 544.90371114886
 2060 303685 543.760779465643
 2060 303686 542.567955110673
 2060 303687 541.41409813667
 2060 303688 540.361183848429
 2060 303689 539.258554229887
 2060 303690 538.165836085813
 2060 303691 537.140795866554
 2060 303692 536.028117959314
 2060 303693 534.948924607838
 2060 303694 533.73625819214
 2060 303695 532.425335799522
 2060 303696 531.074336617851
 2060 303697 529.454265577347
 2060 303698 527.601019090351
 2060 303699 525.594021145492
 2060 303700 523.103579018473
 2060 303701 520.373665408919
 2060 303702 516.965751226493
 2060 303703 512.960624204034
 2060 303704 508.586563926132
 2060 303705 503.173408575864
 2060 303706 496.900713508385
 2060 303707 490.161515839487
 2060 303708 481.979879535278
 2060 303709 473.314428299937
 2060 303710 462.942900730459
 2060 303711 452.349844184584
 2060 303712 443.057751851779
 2060 303713 433.88280671854
 2060 303714 425.515505852695
 2060 303715 418.446449487736
 2060 303716 411.774346349889
 2060 303717 406.366959260852
 2060 303718 401.534628509525
 2060 303719 397.695324063867
 2060 303720 395.014472211822
 2060 303721 393.142613435859
 2060 303722 392.292235032985
 2060 303723 392.416213494046
 2060 303724 393.511301954564
 2060 303725 395.41852775685
 2060 303726 398.358254872384
 2060 303727 402.190511868125
 2060 303728 406.547921688442
 2060 303729 411.960218813468
 2060 303730 418.104338267613
 2060 303731 424.474026604781
 2060 303732 431.85807801712
 2060 303733 439.278821546394
 2060 303734 447.662936864253
 2060 303735 456.470971214318
 2060 303736 465.056656318589
 2060 303737 474.505555530164
 2060 303738 484.196620584026
 2060 303739 493.450170953322
 2060 303740 503.442311218632
 2060 303741 512.873936577948
 2060 303742 522.949474906348
 2060 303743 532.975220896884
 2060 303744 542.265742868846
 2060 303745 551.981619299814
 2060 303746 561.404457331729
 2060 303747 569.875907522039
 2060 303748 578.41179438343
 2060 303749 585.839557972241
 2060 303750 593.042988210749
 2060 303751 599.420490452099
 2060 303752 604.613973779906
 2060 303753 609.327914470707
 2060 303754 613.249540642163
 2060 303755 616.28140212477
 2060 303756 618.918484393563
 2060 303757 620.90486308461
 2060 303758 622.580217097351
 2060 303759 623.864955338068
 2060 303760 624.767998452188
 2060 303761 625.459793202522
 2060 303762 625.920070791009
 2060 303763 626.176996710875
 2060 303764 626.29842585224
 2060 303765 626.294717976295
 2060 303766 626.187838697021
 2060 303767 625.98987545887
 2060 303768 625.733938336419
 2060 303769 625.395489332978
 2060 303770 625.000883524127
 2060 303771 624.585320463076
 2060 303772 624.101524127301
 2060 303773 623.618488050243
 2060 303774 623.075543706311
 2060 303775 622.508794926557
 2060 303776 621.959130770643
 2060 303777 621.355725826276
 2060 303778 620.735997024586
 2060 303779 620.145492775697
 2060 303780 619.504103468171
 2060 303781 618.895666170861
 2060 303782 618.241699200299
 2060 303783 617.582313039307
 2060 303784 616.963039705772
 2060 303785 616.305646251898
 2060 303786 615.660237463729
 2060 303787 615.06081006776
 2060 303788 614.421052992965
 2060 303789 613.816966137227
 2060 303790 613.159289504094
 2060 303791 612.479662311366
 2060 303792 611.814630739559
 2060 303793 611.064326621203
 2060 303794 610.25523176466
 2060 303795 609.42678947837
 2060 303796 608.451164211253
 2060 303797 607.426247709186
 2060 303798 606.185928260591
 2060 303799 604.763042982161
 2060 303800 603.229012692648
 2060 303801 601.339512298216
 2060 303802 599.143875046854
 2060 303803 596.764928125772
 2060 303804 593.836661796939
 2060 303805 590.676015028552
 2060 303806 586.80947075667
 2060 303807 582.374296889763
 2060 303808 577.649607165314
 2060 303809 571.951735528233
 2060 303810 565.518480003079
 2060 303811 558.774365694866
 2060 303812 550.772834697976
 2060 303813 542.476282472269
 2060 303814 532.745676798026
 2060 303815 522.077714511134
 2060 303816 511.209026279865
 2060 303817 498.852264153553
 2060 303818 486.991141718897
 2060 303819 476.614049028621
 2060 303820 466.391891671383
 2060 303821 457.653993039673
 2060 303822 449.293132742904
 2060 303823 441.977135260638
 2060 303824 436.111239231532
 2060 303825 430.956548038522
 2060 303826 426.97471760436
 2060 303827 424.332819146966
 2060 303828 422.694210778738
 2060 303829 422.26693038998
 2060 303830 422.989696746685
 2060 303831 424.909751238
 2060 303832 427.769997527704
 2060 303833 431.911975570392
 2060 303834 437.130451446211
 2060 303835 442.944530273249
 2060 303836 450.062076813649
 2060 303837 457.529052263051
 2060 303838 466.269531148072
 2060 303839 475.729354785347
 2060 303840 485.177456659983
 2060 303841 495.78623670319
 2060 303842 506.85154200868
 2060 303843 517.551716922139
 2060 303844 529.221194600112
 2060 303845 540.313113785678
 2060 303846 552.214676397856
 2060 303847 564.088442309277
 2060 303848 575.107532290383
 2060 303849 586.651063124949
 2060 303850 597.883279517001
 2060 303851 608.054612163185
 2060 303852 618.441172627688
 2060 303853 627.67380496395
 2060 303854 636.928028080089
 2060 303855 645.535262863918
 2060 303856 653.020901488715
 2060 303857 660.41017646156
 2060 303858 667.222652218962
 2060 303859 673.11648345124
 2060 303860 678.905522000729
 2060 303861 683.887853687357
 2060 303862 688.751159756593
 2060 303863 693.172050685063
 2060 303864 696.93133936134
 2060 303865 700.552424988274
 2060 303866 703.786318003579
 2060 303867 706.486290061684
 2060 303868 709.028668687704
 2060 303869 711.112950565585
 2060 303870 713.034504695201
 2060 303871 714.663149640365
 2060 303872 715.942260949759
 2060 303873 717.056737496451
 2060 303874 717.932589752634
 2060 303875 718.550827860485
 2060 303876 719.008200730023
 2060 303877 719.263553585792
 2060 303878 719.360222960685
 2060 303879 719.293109301817
 2060 303880 719.09230152053
 2060 303881 718.742996399939
 2060 303882 718.264925005336
 2060 303883 717.711473989475
 2060 303884 717.018219021626
 2060 303885 716.28137265598
 2060 303886 715.411660168492
 2060 303887 714.461512273391
 2060 303888 713.50532143844
 2060 303889 712.425893727318
 2060 303890 711.289179216227
 2060 303891 710.177430351167
 2060 303892 708.951193363819
 2060 303893 707.785589102301
 2060 303894 706.521159109173
 2060 303895 705.218674300347
 2060 303896 703.950776154854
 2060 303897 702.531356569974
 2060 303898 701.019348190873
 2060 303899 699.494780718859
 2060 303900 697.721389791709
 2060 303901 695.885809906365
 2060 303902 693.696697161714
 2060 303903 691.212484710092
 2060 303904 688.558986547057
 2060 303905 685.308998559058
 2060 303906 681.550001677876
 2060 303907 677.481541367008
 2060 303908 672.473157669573
 2060 303909 667.064398451048
 2060 303910 660.438309317116
 2060 303911 652.829726555729
 2060 303912 644.714554441603
 2060 303913 634.928234864963
 2060 303914 623.891124844479
 2060 303915 612.348151382062
 2060 303916 598.711839998462
 2060 303917 585.023312463802
 2060 303918 570.755372852562
 2060 303919 556.976906467342
 2060 303920 544.545692126691
 2060 303921 531.852001742013
 2060 303922 519.791564345654
 2060 303923 509.106618826769
 2060 303924 498.418458946783
 2060 303925 489.107897728306
 2060 303926 479.981358677525
 2060 303927 471.730948673884
 2060 303928 464.830630640673
 2060 303929 458.401042448545
 2060 303930 452.964924547563
 2060 303931 448.800030040637
 2060 303932 445.370381425172
 2060 303933 443.119281777709
 2060 303934 441.7534818529
 2060 303935 441.452845901931
 2060 303936 442.128542043947
 2060 303937 443.854503859305
 2060 303938 446.585817003219
 2060 303939 450.031645832132
 2060 303940 454.607615251547
 2060 303941 459.70082667817
 2060 303942 465.941932339043
 2060 303943 472.963250984282
 2060 303944 480.202314778083
 2060 303945 488.567643061136
 2060 303946 497.541198863074
 2060 303947 506.449039999092
 2060 303948 516.42788236581
 2060 303949 526.175130649244
 2060 303950 536.940041110246
 2060 303951 548.030073318199
 2060 303952 558.675548290547
 2060 303953 570.245134114814
 2060 303954 581.989712976063
 2060 303955 593.115773523086
 2060 303956 605.059091715751
 2060 303957 616.288812571798
 2060 303958 628.258472933756
 2060 303959 640.175537505757
 2060 303960 651.256571908539
 2060 303961 662.93417821813
 2060 303962 674.409014816611
 2060 303963 684.924848697123
 2060 303964 695.808037597938
 2060 303965 705.616084949658
 2060 303966 715.557245519815
 2060 303967 724.847581214626
 2060 303968 732.861464285075
 2060 303969 740.572291769915
 2060 303970 747.350717626616
 2060 303971 752.847084003861
 2060 303972 757.827143901504
 2060 303973 761.737867792579
 2060 303974 765.192061072942
 2060 303975 768.002699538322
 2060 303976 770.135358582583
 2060 303977 771.948656180515
 2060 303978 773.354940131545
 2060 303979 774.360667706605
 2060 303980 775.152209717003
 2060 303981 775.671966494886
 2060 303982 776.034078727187
 2060 303983 776.230885654504
 2060 303984 776.292104116792
 2060 303985 776.24652488038
 2060 303986 776.103211467481
 2060 303987 775.891471377893
 2060 303988 775.594961941478
 2060 303989 775.257992117417
 2060 303990 774.847215290216
 2060 303991 774.391468683686
 2060 303992 773.946663812727
 2060 303993 773.452519694055
 2060 303994 772.931680244116
 2060 303995 772.40789747439
 2060 303996 771.802339339591
 2060 303997 771.18081938279
 2060 303998 770.449391005613
 2060 303999 769.632527156257
 2060 304000 768.769615145583
 2060 304001 767.728799844012
 2060 304002 766.539307012927
 2060 304003 765.260374644575
 2060 304004 763.691313400887
 2060 304005 761.992860875532
 2060 304006 759.897824703279
 2060 304007 757.463303161256
 2060 304008 754.826083100613
 2060 304009 751.58078370848
 2060 304010 747.830085337403
 2060 304011 743.796576554494
 2060 304012 738.881722179435
 2060 304013 733.639367399432
 2060 304014 727.306679251902
 2060 304015 720.14010237524
 2060 304016 712.60823239353
 2060 304017 703.642122669675
 2060 304018 693.662280841334
 2060 304019 683.337688064723
 2060 304020 671.250821268693
 2060 304021 658.884510873919
 2060 304022 644.576406760289
 2060 304023 629.121133883796
 2060 304024 614.464885742068
 2060 304025 599.303017827423
 2060 304026 584.671806125336
 2060 304027 571.478131344912
 2060 304028 558.009128503915
 2060 304029 545.988420961263
 2060 304030 533.870037621566
 2060 304031 522.524858941544
 2060 304032 512.642739680425
 2060 304033 502.956332178068
 2060 304034 494.204959564194
 2060 304035 486.897536949696
 2060 304036 480.104121734061
 2060 304037 474.714483292791
 2060 304038 470.045341083249
 2060 304039 466.521562140225
 2060 304040 464.280708714533
 2060 304041 463.037051087702
 2060 304042 462.979864800818
 2060 304043 464.001770934101
 2060 304044 466.223766662529
 2060 304045 469.348154872771
 2060 304046 473.757316195442
 2060 304047 479.240588169486
 2060 304048 485.312053567329
 2060 304049 492.732024220025
 2060 304050 501.06788934604
 2060 304051 509.661391176394
 2060 304052 519.595217131024
 2060 304053 529.571675649599
 2060 304054 540.855276640576
 2060 304055 552.733882606114
 2060 304056 564.349878271636
 2060 304057 577.189376783862
 2060 304058 590.427723984812
 2060 304059 603.137561477703
 2060 304060 616.943043875244
 2060 304061 630.0534117235
 2060 304062 644.138319296428
 2060 304063 658.250787862121
 2060 304064 671.431268346975
 2060 304065 685.358143047724
 2060 304066 699.06649992439
 2060 304067 711.643136509263
 2060 304068 724.684440839763
 2060 304069 736.489496708575
 2060 304070 748.557204923717
 2060 304071 760.01315231397
 2060 304072 770.13293493145
 2060 304073 780.225034772754
 2060 304074 789.576769278861
 2060 304075 797.690457464735
 2060 304076 805.686240475058
 2060 304077 812.602815102215
 2060 304078 819.39802009229
 2060 304079 825.623889873104
 2060 304080 830.971442895102
 2060 304081 836.17868684033
 2060 304082 840.899973021278
 2060 304083 844.904032331998
 2060 304084 848.749177849949
 2060 304085 851.97360845152
 2060 304086 855.02721765854
 2060 304087 857.702137691627
 2060 304088 859.888202997439
 2060 304089 861.89476265312
 2060 304090 863.587224753767
 2060 304091 864.905458439315
 2060 304092 866.046070304006
 2060 304093 866.88001065773
 2060 304094 867.537811475189
 2060 304095 867.970676355471
 2060 304096 868.18723564797
 2060 304097 868.231285483908
 2060 304098 868.094870638537
 2060 304099 867.837977876749
 2060 304100 867.434458693423
 2060 304101 866.927561141689
 2060 304102 866.234907327719
 2060 304103 865.369353305373
 2060 304104 864.383446663115
 2060 304105 863.119987724061
 2060 304106 861.606159391311
 2060 304107 859.925410608305
 2060 304108 857.805381811563
 2060 304109 855.45976037267
 2060 304110 852.507548389398
 2060 304111 849.015157802214
 2060 304112 845.169591562503
 2060 304113 840.36898148493
 2060 304114 834.742069670019
 2060 304115 828.619574901507
 2060 304116 821.077916129778
 2060 304117 812.960174781645
 2060 304118 803.083214518165
 2060 304119 791.85120771638
 2060 304120 780.009326196757
 2060 304121 765.916846440503
 2060 304122 750.272083631786
 2060 304123 734.263521880867
 2060 304124 716.993381329442
 2060 304125 700.999082393826
 2060 304126 684.183926152257
 2060 304127 667.660133731408
 2060 304128 652.469066231935
 2060 304129 636.628427616981
 2060 304130 621.206725837891
 2060 304131 607.173103246545
 2060 304132 592.702116645409
 2060 304133 579.650939574656
 2060 304134 566.329963132683
 2060 304135 553.683069707414
 2060 304136 542.487242085867
 2060 304137 531.305017769009
 2060 304138 520.960350125975
 2060 304139 512.071131076442
 2060 304140 503.499493473127
 2060 304141 496.357920284609
 2060 304142 489.736095680064
 2060 304143 484.177109638296
 2060 304144 479.959837591807
 2060 304145 476.539779344641
 2060 304146 474.251479936255
 2060 304147 473.13850829233
 2060 304148 473.047532791836
 2060 304149 473.982426666878
 2060 304150 476.048446305656
 2060 304151 479.188670356434
 2060 304152 483.077342835595
 2060 304153 488.192356196213
 2060 304154 494.258619997047
 2060 304155 500.764024645369
 2060 304156 508.521907558458
 2060 304157 516.511526099985
 2060 304158 525.743022849681
 2060 304159 535.649071883773
 2060 304160 545.494188975775
 2060 304161 556.538928509175
 2060 304162 568.085883349518
 2060 304163 579.322150590424
 2060 304164 591.6927484316
 2060 304165 603.605846053434
 2060 304166 616.603557388899
 2060 304167 629.853393425049
 2060 304168 642.464437470544
 2060 304169 656.076656785489
 2060 304170 669.812237441097
 2060 304171 682.765325649192
 2060 304172 696.62667003784
 2060 304173 709.628475567918
 2060 304174 723.470235988933
 2060 304175 737.245690194399
 2060 304176 750.068516122311
 2060 304177 763.611625187854
 2060 304178 776.979347757709
 2060 304179 789.316644543734
 2060 304180 802.226618208891
 2060 304181 814.049235266731
 2060 304182 826.29739313707
 2060 304183 838.094294296859
 2060 304184 848.658090792273
 2060 304185 859.29924965991
 2060 304186 869.176124827558
 2060 304187 877.642757439523
 2060 304188 885.741172610871
 2060 304189 892.41577475141
 2060 304190 898.559989985072
 2060 304191 903.753735668071
 2060 304192 907.83890937874
 2060 304193 911.460841470427
 2060 304194 914.421994770948
 2060 304195 916.678522836687
 2060 304196 918.609820814086
 2060 304197 920.035586968761
 2060 304198 921.224145211769
 2060 304199 922.13586976437
